# power spectrum of phi
# redshift z=0.000000
# k              Pk             sigma(k)       sigma(Pk)      count
  1.227185e-03   2.710149e-10   0.000000e+00   9.584803e-11   6
  1.735501e-03   6.417804e-10   0.000000e+00   1.376715e-10   12
  2.125546e-03   4.659902e-10   2.328306e-11   1.281273e-10   8
  2.454369e-03   5.071777e-10   0.000000e+00   1.418821e-10   6
  2.744068e-03   4.576141e-10   0.000000e+00   5.846993e-11   24
  3.005976e-03   4.854803e-10   4.390297e-11   9.277166e-11   24
  3.471002e-03   1.513658e-10   0.000000e+00   3.691517e-11   12
  3.681554e-03   4.732204e-10   4.967054e-11   5.674181e-11   30
  3.880699e-03   3.095392e-10   0.000000e+00   5.348593e-11   24
  4.070111e-03   3.785222e-10   7.604217e-11   7.722179e-11   24
  4.251092e-03   7.918939e-10   4.656613e-11   2.859965e-10   8
  4.424677e-03   2.981973e-10   6.208817e-11   5.620071e-11   24
  4.591704e-03   3.388037e-10   0.000000e+00   3.887727e-11   48
  4.908739e-03   2.474801e-10   0.000000e+00   2.660117e-11   6
  5.059812e-03   4.503523e-10   8.780593e-11   4.803646e-11   48
  5.206503e-03   4.624902e-10   0.000000e+00   6.613156e-11   36
  5.349174e-03   2.459809e-10   6.208817e-11   5.474811e-11   24
  5.488137e-03   3.491613e-10   0.000000e+00   4.744816e-11   24
  5.623666e-03   3.143275e-10   0.000000e+00   3.792457e-11   48
  5.756006e-03   6.171109e-10   8.780593e-11   1.107480e-10   24
  6.011952e-03   3.783017e-10   8.780593e-11   7.433553e-11   24
  6.135923e-03   4.197528e-10   0.000000e+00   6.365504e-11   30
  6.257438e-03   4.287484e-10   0.000000e+00   4.143529e-11   72
  6.376638e-03   4.611150e-10   9.313226e-11   6.558841e-11   32
  6.608591e-03   3.368588e-10   0.000000e+00   5.577729e-11   72
  6.721567e-03   3.604712e-10   0.000000e+00   4.258615e-11   48
  6.942005e-03   1.657390e-10   0.000000e+00   3.388211e-11   12
  7.102647e-03   4.310165e-10   5.300778e-05   4.109325e-11   96
  7.260122e-03   2.750383e-10   8.780593e-11   3.904080e-11   48
  7.363108e-03   3.096803e-10   9.934107e-11   3.997690e-11   30
  7.539824e-03   3.232276e-10   4.338849e-05   2.708450e-11   96
  7.761397e-03   2.725205e-10   0.000000e+00   9.487855e-11   24
  7.889566e-03   3.716438e-10   4.490115e-05   3.126697e-11   144
  8.047188e-03   3.206572e-10   1.520843e-10   5.315316e-11   24
  8.209209e-03   4.194774e-10   3.982973e-05   4.567560e-11   96
  8.323171e-03   3.927229e-10   0.000000e+00   5.422941e-11   48
  8.578924e-03   3.536991e-10   2.953691e-05   3.545280e-11   62
  8.708904e-03   3.094186e-10   4.153612e-05   2.735034e-11   132
  8.849354e-03   3.055172e-10   1.241763e-10   8.446745e-11   24
  8.981976e-03   3.207435e-10   4.151455e-05   2.075917e-11   168
  9.224225e-03   3.611083e-10   4.081595e-05   2.722116e-11   96
  9.406128e-03   2.927609e-10   3.473814e-05   3.239088e-11   96
  9.629329e-03   2.838937e-10   3.872028e-05   2.309231e-11   168
  9.817477e-03   5.825304e-11   0.000000e+00   3.078553e-11   6
  9.893879e-03   2.394350e-10   0.000000e+00   2.665677e-11   96
  9.984744e-03   2.815578e-10   3.009762e-05   1.856277e-11   120
  1.016905e-02   2.492824e-10   3.494872e-05   2.107443e-11   144
  1.026736e-02   2.775163e-10   0.000000e+00   3.115298e-11   48
  1.045419e-02   2.167497e-10   3.566203e-05   2.604634e-11   84
  1.055664e-02   2.662016e-10   2.433349e-10   1.956288e-11   120
  1.064892e-02   2.574071e-10   3.236074e-05   2.754746e-11   80
  1.079173e-02   2.787121e-10   3.285678e-05   2.229049e-11   144
  1.097627e-02   2.330468e-10   0.000000e+00   4.537648e-11   24
  1.106641e-02   3.390860e-10   3.170535e-05   2.677625e-11   150
  1.120704e-02   3.691673e-10   3.289609e-05   2.899452e-11   120
  1.136148e-02   2.904408e-10   2.997786e-05   2.293912e-11   168
  1.151201e-02   2.168855e-10   1.756119e-10   4.049502e-11   24
  1.160672e-02   3.146201e-10   3.229520e-05   1.859085e-11   264
  1.170660e-02   2.549083e-10   1.756119e-10   2.989315e-11   48
  1.187684e-02   2.803467e-10   2.991365e-05   2.146169e-11   144
  1.206555e-02   2.533760e-10   2.944499e-05   2.745415e-11   72
  1.217324e-02   2.636830e-10   3.028788e-05   1.883574e-11   180
  1.232378e-02   2.590141e-10   2.194564e-05   1.820003e-11   198
  1.239396e-02   2.536478e-10   0.000000e+00   3.361895e-11   48
  1.254918e-02   2.703924e-10   2.970404e-05   2.040885e-11   168
  1.266437e-02   2.411886e-10   2.972873e-05   1.819992e-11   144
  1.283863e-02   2.519634e-10   4.177051e-05   1.495575e-11   248
  1.307395e-02   2.633016e-10   2.879738e-05   1.918757e-11   192
  1.323419e-02   2.114080e-10   4.448177e-05   1.344696e-11   240
  1.333064e-02   2.802484e-10   0.000000e+00   3.313468e-11   72
  1.347774e-02   2.568307e-10   2.714468e-05   2.122283e-11   126
  1.357054e-02   2.027631e-10   2.504464e-05   1.623430e-11   168
  1.374773e-02   2.250405e-10   2.738602e-05   1.207111e-11   288
  1.393397e-02   2.853233e-10   1.442369e-05   2.151388e-11   156
  1.403042e-02   2.211259e-10   2.426484e-05   2.076644e-11   168
  1.417669e-02   2.123112e-10   4.159778e-05   1.184255e-11   264
  1.431131e-02   1.802716e-10   0.000000e+00   2.465708e-11   48
  1.441135e-02   1.928048e-10   4.139987e-05   1.550491e-11   264
  1.455475e-02   1.910190e-10   2.440260e-05   1.544463e-11   144
  1.466306e-02   1.881719e-10   4.992651e-05   2.138724e-11   78
  1.482084e-02   2.016124e-10   3.245429e-05   1.184757e-11   336
  1.496962e-02   1.953100e-10   2.469243e-05   1.350151e-11   200
  1.506733e-02   2.443110e-10   4.834811e-05   1.580305e-11   192
  1.519925e-02   2.281110e-10   2.426230e-05   1.693064e-11   240
  1.532043e-02   1.884916e-10   4.862308e-05   1.216615e-11   168
  1.544494e-02   2.164309e-10   3.892902e-05   2.068547e-11   120
  1.559446e-02   1.860070e-10   3.042643e-05   9.339227e-12   324
  1.573955e-02   1.788300e-10   2.392035e-05   1.437893e-11   192
  1.583830e-02   1.788805e-10   4.289983e-05   1.261858e-11   168
  1.600627e-02   1.758821e-10   3.533351e-05   1.006469e-11   342
  1.615772e-02   1.973211e-10   2.845059e-05   1.176531e-11   336
  1.631123e-02   1.715659e-10   2.177217e-05   1.672226e-11   72
  1.641475e-02   2.077280e-10   3.482167e-05   1.073742e-11   288
  1.653492e-02   1.647067e-10   2.267827e-05   8.938257e-12   264
  1.670276e-02   1.688067e-10   2.982752e-05   8.130802e-12   384
  1.685310e-02   1.886401e-10   3.580078e-05   9.710622e-12   240
  1.691557e-02   1.842621e-10   0.000000e+00   2.194685e-11   48
  1.709627e-02   1.685445e-10   2.930528e-05   7.840490e-12   392
  1.723414e-02   1.777117e-10   3.216108e-05   8.875826e-12   294
  1.738238e-02   1.543321e-10   2.090302e-05   9.177100e-12   228
  1.747988e-02   1.928242e-10   3.174430e-05   1.480963e-11   216
  1.760118e-02   1.685190e-10   1.933643e-05   9.594488e-12   336
  1.774967e-02   1.641307e-10   2.297485e-05   8.152271e-12   360
  1.787226e-02   1.618020e-10   3.500383e-05   1.054731e-11   240
  1.799999e-02   1.788174e-10   4.141755e-05   1.383751e-11   168
  1.811913e-02   1.527357e-10   3.260065e-05   8.516662e-12   312
  1.826108e-02   1.844959e-10   2.040262e-05   9.477870e-12   336
  1.841443e-02   1.567467e-10   2.783296e-05   7.520443e-12   294
  1.853004e-02   1.661537e-10   3.709565e-05   8.737377e-12   288
  1.861852e-02   1.314491e-10   2.321198e-05   6.742419e-12   264
  1.877628e-02   1.585961e-10   3.987223e-05   6.836143e-12   480
  1.890819e-02   1.450341e-10   1.950536e-05   8.317042e-12   240
  1.906991e-02   1.432770e-10   1.972335e-05   7.083902e-12   276
  1.919750e-02   1.522855e-10   4.329664e-05   7.139658e-12   488
  1.934908e-02   1.552514e-10   1.906876e-05   9.588225e-12   240
  1.943706e-02   1.472296e-10   3.702663e-05   7.756859e-12   360
  1.956043e-02   1.481613e-10   1.317352e-05   8.841649e-12   198
  1.971909e-02   1.524469e-10   4.451384e-05   6.330637e-12   480
  1.983526e-02   1.356527e-10   1.643028e-05   7.214748e-12   288
  1.999593e-02   1.274938e-10   3.472986e-05   5.720954e-12   480
  2.014040e-02   1.399779e-10   2.139799e-05   5.924487e-12   480
  2.028877e-02   1.447193e-10   2.767474e-05   8.914756e-12   288
  2.038134e-02   1.191836e-10   2.952385e-05   7.295223e-12   288
  2.052694e-02   1.363562e-10   5.132727e-05   6.437942e-12   456
  2.067354e-02   1.309071e-10   4.833832e-05   6.678989e-12   360
  2.076806e-02   1.347911e-10   2.897541e-05   1.034380e-11   180
  2.090485e-02   1.481239e-10   3.155776e-05   6.305487e-12   486
  2.104350e-02   1.279680e-10   4.198197e-05   5.188728e-12   504
  2.118447e-02   1.246000e-10   3.261787e-05   5.943837e-12   456
  2.130135e-02   1.370874e-10   2.709969e-05   7.278596e-12   296
  2.145578e-02   1.233803e-10   2.674110e-05   5.188417e-12   528
  2.157192e-02   1.384813e-10   2.638653e-05   6.800817e-12   336
  2.174298e-02   1.195772e-10   2.926761e-05   4.739611e-12   600
  2.186818e-02   1.173756e-10   1.714653e-05   7.087495e-12   264
  2.199366e-02   1.104543e-10   1.854193e-05   6.656029e-12   360
  2.212173e-02   1.218217e-10   3.712277e-05   4.860944e-12   630
  2.226286e-02   1.105594e-10   1.916243e-05   5.618861e-12   432
  2.238805e-02   1.225558e-10   3.692115e-05   5.941547e-12   408
  2.254172e-02   9.966470e-11   2.450600e-05   5.767439e-12   324
  2.265603e-02   1.135489e-10   3.492404e-05   4.097935e-12   744
  2.279393e-02   1.037576e-10   2.791945e-05   5.142937e-12   336
  2.292567e-02   1.034318e-10   3.838211e-05   4.058021e-12   528
  2.307014e-02   1.048592e-10   1.958372e-05   5.548109e-12   408
  2.316592e-02   9.659107e-11   3.333151e-05   4.349004e-12   408
  2.332419e-02   1.129354e-10   2.751624e-05   5.049499e-12   470
  2.343947e-02   1.128579e-10   3.305591e-05   5.236638e-12   528
  2.360044e-02   1.050808e-10   2.754453e-05   4.152932e-12   624
  2.371901e-02   1.009035e-10   2.095879e-05   4.607102e-12   504
  2.384133e-02   1.032374e-10   2.919404e-05   4.508804e-12   552
  2.396266e-02   9.192966e-11   1.419171e-05   5.247658e-12   336
  2.411459e-02   9.975575e-11   3.020856e-05   4.671574e-12   528
  2.423229e-02   1.139055e-10   3.439301e-05   5.114471e-12   564
  2.437014e-02   1.087995e-10   3.165515e-05   4.657222e-12   528
  2.451959e-02   9.185478e-11   4.914557e-05   3.354323e-12   582
  2.465551e-02   9.599932e-11   3.783467e-05   4.067615e-12   624
  2.477437e-02   9.179479e-11   4.325231e-05   4.334320e-12   432
  2.491619e-02   9.311821e-11   4.811065e-05   3.059752e-12   816
  2.506212e-02   8.770351e-11   2.192667e-05   4.820387e-12   312
  2.515759e-02   9.634421e-11   3.553705e-05   3.967659e-12   552
  2.531153e-02   9.092745e-11   2.238207e-05   3.433090e-12   744
  2.542305e-02   8.998875e-11   2.090941e-05   4.470319e-12   408
  2.556700e-02   8.735920e-11   2.996409e-05   3.331160e-12   632
  2.571654e-02   8.216934e-11   5.088663e-05   2.745157e-12   750
  2.583819e-02   8.370006e-11   3.500622e-05   5.460086e-12   312
  2.597376e-02   8.723335e-11   5.168180e-05   3.000443e-12   876
  2.610784e-02   8.429141e-11   3.374515e-05   3.293502e-12   552
  2.625893e-02   7.273878e-11   2.790711e-05   2.625318e-12   696
  2.636185e-02   7.292670e-11   3.080416e-05   2.990921e-12   576
  2.650191e-02   8.439149e-11   3.261419e-05   3.379152e-12   576
  2.662146e-02   7.628463e-11   4.370312e-05   3.237203e-12   648
  2.676594e-02   8.393909e-11   4.374408e-05   3.248235e-12   672
  2.692544e-02   7.191919e-11   1.855461e-05   3.069939e-12   480
  2.702753e-02   7.922510e-11   2.873406e-05   2.717824e-12   726
  2.715899e-02   7.139258e-11   3.255943e-05   2.330381e-12   792
  2.730137e-02   8.038010e-11   4.516853e-05   3.282693e-12   768
  2.745144e-02   7.524695e-11   3.691452e-05   2.888257e-12   672
  2.758903e-02   7.959385e-11   2.476149e-05   3.264730e-12   608
  2.768863e-02   8.052974e-11   2.377178e-05   3.296828e-12   624
  2.783073e-02   6.621617e-11   3.089122e-05   2.641305e-12   684
  2.796894e-02   7.253925e-11   4.562993e-05   2.587481e-12   768
  2.809757e-02   7.538604e-11   3.648081e-05   3.121586e-12   744
  2.825084e-02   6.978039e-11   2.297049e-05   2.482945e-12   750
  2.836255e-02   7.802871e-11   3.414257e-05   3.353797e-12   600
  2.848335e-02   6.925984e-11   3.625325e-05   3.297733e-12   600
  2.863261e-02   6.800350e-11   4.177962e-05   2.471980e-12   1008
  2.875114e-02   6.781098e-11   2.317242e-05   2.367812e-12   696
  2.888247e-02   7.112156e-11   3.061180e-05   3.153569e-12   624
  2.901451e-02   6.340092e-11   4.763583e-05   2.554079e-12   840
  2.916451e-02   6.964793e-11   3.241234e-05   2.477662e-12   816
  2.928619e-02   6.173357e-11   2.152904e-05   2.263408e-12   744
  2.940906e-02   6.717594e-11   3.805980e-05   3.050251e-12   510
  2.955749e-02   6.649842e-11   3.654053e-05   2.208187e-12   1020
  2.969564e-02   6.773054e-11   2.948459e-05   2.218186e-12   912
  2.983182e-02   6.352705e-11   4.368307e-05   2.337049e-12   752
  2.994442e-02   6.024161e-11   3.624674e-05   2.094327e-12   888
  3.009809e-02   6.587274e-11   2.338988e-05   2.787775e-12   768
  3.022378e-02   6.075382e-11   4.250147e-05   2.412171e-12   720
  3.036843e-02   5.851855e-11   3.746627e-05   1.989444e-12   1056
  3.049674e-02   6.131845e-11   2.592075e-05   3.407765e-12   504
  3.060186e-02   5.430867e-11   4.047577e-05   1.853535e-12   774
  3.075221e-02   6.103503e-11   3.892698e-05   1.892030e-12   1272
  3.089342e-02   5.983052e-11   2.550330e-05   2.151473e-12   744
  3.102509e-02   5.471887e-11   4.164527e-05   2.159404e-12   768
  3.114589e-02   5.353465e-11   3.522647e-05   1.951826e-12   840
  3.128156e-02   5.231508e-11   2.388260e-05   1.767582e-12   924
  3.141219e-02   5.156786e-11   4.210496e-05   1.878733e-12   936
  3.154058e-02   5.408793e-11   2.926136e-05   1.905708e-12   840
  3.166990e-02   4.697314e-11   3.478834e-05   1.511889e-12   1008
  3.183427e-02   4.690174e-11   3.927280e-05   1.735906e-12   696
  3.193739e-02   5.690232e-11   3.490674e-05   2.015130e-12   974
  3.209061e-02   5.225894e-11   4.636022e-05   1.681317e-12   1152
  3.222382e-02   5.383277e-11   1.814088e-05   2.000336e-12   816
  3.232741e-02   5.287119e-11   3.990788e-05   1.974420e-12   816
  3.246678e-02   4.702589e-11   3.524046e-05   1.621639e-12   1152
  3.261377e-02   4.679818e-11   3.172850e-05   1.726005e-12   912
  3.274744e-02   4.458349e-11   3.855012e-05   1.537007e-12   1056
  3.286189e-02   4.605550e-11   3.296725e-05   1.889536e-12   624
  3.301579e-02   4.973246e-11   4.118042e-05   1.451723e-12   1260
  3.314861e-02   4.415326e-11   2.483829e-05   1.544658e-12   894
  3.327835e-02   4.240303e-11   4.255682e-05   1.416188e-12   1176
  3.340814e-02   4.800919e-11   3.522444e-05   1.875666e-12   840
  3.355587e-02   4.549507e-11   4.003771e-05   1.300611e-12   1440
  3.371098e-02   4.262944e-11   2.250943e-05   1.491953e-12   864
  3.382859e-02   4.491766e-11   3.862730e-05   1.482463e-12   1056
  3.394565e-02   4.361908e-11   2.277415e-05   2.083870e-12   624
  3.408783e-02   3.913537e-11   4.217379e-05   1.085012e-12   1496
  3.422378e-02   3.903010e-11   2.977619e-05   1.449670e-12   936
  3.434481e-02   4.046901e-11   4.310655e-05   1.337487e-12   966
  3.447503e-02   4.460983e-11   3.055568e-05   1.710884e-12   936
  3.461182e-02   4.550013e-11   3.779574e-05   1.576553e-12   1248
  3.475188e-02   4.132767e-11   2.664431e-05   1.457220e-12   1044
  3.488237e-02   3.722751e-11   4.127290e-05   1.138109e-12   1392
  3.498573e-02   3.812874e-11   3.178845e-05   1.726374e-12   600
  3.513357e-02   3.759119e-11   3.611502e-05   1.034271e-12   1416
  3.527220e-02   3.757890e-11   3.887342e-05   1.181032e-12   1152
  3.541267e-02   3.666123e-11   3.729294e-05   1.364323e-12   936
  3.552582e-02   3.442790e-11   3.999851e-05   1.197986e-12   870
  3.566028e-02   3.795761e-11   3.353715e-05   1.286080e-12   1368
  3.580949e-02   3.789081e-11   4.409260e-05   1.120804e-12   1632
  3.593700e-02   4.048885e-11   1.914254e-05   1.682018e-12   816
  3.607503e-02   3.642165e-11   4.367187e-05   1.246763e-12   1200
  3.619546e-02   3.605543e-11   4.175546e-05   1.249458e-12   1184
  3.631779e-02   3.372943e-11   3.168966e-05   1.212404e-12   984
  3.646789e-02   3.369716e-11   3.868983e-05   1.018242e-12   1572
  3.660397e-02   3.859470e-11   2.130716e-05   1.496394e-12   840
  3.673077e-02   3.320918e-11   4.955064e-05   9.719818e-13   1392
  3.686466e-02   3.552421e-11   3.638005e-05   1.316190e-12   1158
  3.698417e-02   3.712030e-11   3.312685e-05   1.133269e-12   1272
  3.712806e-02   3.501927e-11   3.375923e-05   1.104654e-12   1320
  3.726321e-02   3.365670e-11   3.303302e-05   1.123039e-12   1104
  3.739181e-02   3.296626e-11   3.738876e-05   9.836689e-13   1392
  3.752678e-02   3.277528e-11   4.043971e-05   1.109329e-12   1296
  3.766578e-02   3.121527e-11   4.222573e-05   9.564955e-13   1392
  3.779622e-02   3.082509e-11   3.097595e-05   1.129603e-12   1104
  3.791690e-02   3.257261e-11   3.901717e-05   1.006998e-12   1320
  3.808878e-02   3.140070e-11   2.979684e-05   9.849440e-13   1422
  3.819858e-02   3.614018e-11   3.711029e-05   1.301982e-12   1212
  3.832470e-02   3.121595e-11   4.055152e-05   1.053883e-12   1280
  3.845427e-02   3.050381e-11   4.222518e-05   1.004431e-12   1272
  3.857844e-02   2.994899e-11   3.654171e-05   8.741357e-13   1680
  3.872563e-02   2.643120e-11   3.452513e-05   9.103103e-13   1152
  3.886113e-02   2.924837e-11   3.998131e-05   1.000247e-12   1512
  3.900358e-02   2.750431e-11   1.687995e-05   9.708584e-13   912
  3.911619e-02   2.456668e-11   4.255090e-05   6.931864e-13   1680
  3.926595e-02   2.937694e-11   3.769509e-05   8.968801e-13   1518
  3.937695e-02   2.897041e-11   3.489849e-05   1.023988e-12   1056
  3.949387e-02   2.748459e-11   3.523783e-05   9.028710e-13   1344
  3.964502e-02   3.080217e-11   3.783773e-05   8.699045e-13   1680
  3.978177e-02   2.634038e-11   3.728516e-05   7.930863e-13   1656
  3.993121e-02   2.694133e-11   3.169297e-05   9.776780e-13   1140
  4.004339e-02   2.567618e-11   3.669805e-05   9.582672e-13   1368
  4.017539e-02   2.564268e-11   4.174425e-05   7.397027e-13   1656
  4.030957e-02   2.693867e-11   4.275507e-05   8.724730e-13   1448
  4.045563e-02   2.424949e-11   4.016557e-05   8.601989e-13   1422
  4.059052e-02   2.603308e-11   4.434116e-05   8.119369e-13   1512
  4.070589e-02   2.479233e-11   3.380440e-05   7.583199e-13   1296
  4.083937e-02   2.693263e-11   3.086564e-05   7.363567e-13   1824
  4.098368e-02   2.712962e-11   4.002195e-05   8.996669e-13   1464
  4.112946e-02   2.409295e-11   3.571385e-05   6.810287e-13   1824
  4.126475e-02   2.500677e-11   2.839432e-05   8.015703e-13   1416
  4.138246e-02   2.291751e-11   4.159004e-05   7.911919e-13   1392
  4.150951e-02   2.379280e-11   3.837865e-05   7.343298e-13   1464
  4.166454e-02   2.438663e-11   3.752108e-05   7.495189e-13   1524
  4.178433e-02   2.282749e-11   3.457629e-05   7.781304e-13   1686
  4.192278e-02   2.361034e-11   4.116995e-05   7.394321e-13   1800
  4.204178e-02   2.524794e-11   3.268502e-05   9.857893e-13   1344
  4.217379e-02   2.211613e-11   3.813348e-05   7.004926e-13   1656
  4.230615e-02   2.388179e-11   3.044765e-05   8.290413e-13   1488
  4.242115e-02   2.392819e-11   3.039807e-05   7.869084e-13   1536
  4.258138e-02   1.981758e-11   3.376880e-05   5.960784e-13   1760
  4.270554e-02   1.909855e-11   3.756121e-05   5.983397e-13   1824
  4.284911e-02   2.008883e-11   3.152085e-05   6.604328e-13   1560
  4.298726e-02   2.244149e-11   3.620465e-05   6.897286e-13   1926
  4.311718e-02   2.125664e-11   2.574627e-05   6.957880e-13   1272
  4.323578e-02   2.238764e-11   4.326657e-05   7.243094e-13   1848
  4.339166e-02   1.991007e-11   3.495567e-05   6.254649e-13   1908
  4.351023e-02   2.253694e-11   3.409464e-05   7.460768e-13   1488
  4.363533e-02   1.825744e-11   3.845143e-05   5.460793e-13   1800
  4.377096e-02   1.956697e-11   3.848934e-05   6.032803e-13   1752
  4.390086e-02   2.053483e-11   4.092726e-05   7.234372e-13   1368
  4.403087e-02   1.726672e-11   3.846377e-05   4.898447e-13   2016
  4.417385e-02   1.937006e-11   4.062719e-05   6.531187e-13   1542
  4.430581e-02   2.069332e-11   3.978500e-05   6.292311e-13   2184
  4.445188e-02   2.155098e-11   3.639425e-05   6.842531e-13   1776
  4.457806e-02   2.104576e-11   4.160412e-05   7.558400e-13   1568
  4.469833e-02   1.767498e-11   3.801003e-05   5.514524e-13   2040
  4.482920e-02   1.869922e-11   4.063611e-05   5.358734e-13   1704
  4.496619e-02   1.972394e-11   4.073474e-05   7.150727e-13   1512
  4.509536e-02   1.643613e-11   3.474685e-05   4.678340e-13   2028
  4.524048e-02   1.745280e-11   4.191363e-05   5.038033e-13   1968
  4.537317e-02   1.859051e-11   4.251511e-05   6.428470e-13   1854
  4.550302e-02   1.894728e-11   4.052999e-05   6.644477e-13   1632
  4.563608e-02   1.796237e-11   4.164804e-05   5.644299e-13   2424
  4.577401e-02   1.794316e-11   4.169136e-05   5.931667e-13   1560
  4.589060e-02   1.792973e-11   3.939829e-05   6.101794e-13   1728
  4.603149e-02   1.778182e-11   4.205586e-05   5.501693e-13   2088
  4.617330e-02   1.759682e-11   4.003268e-05   5.707652e-13   1968
  4.630374e-02   1.513235e-11   3.963620e-05   4.516919e-13   2256
  4.643455e-02   1.738513e-11   3.524097e-05   5.770749e-13   1728
  4.657111e-02   1.645609e-11   3.474008e-05   5.740734e-13   1416
  4.669209e-02   1.725105e-11   3.662300e-05   4.890878e-13   2246
  4.682906e-02   1.798266e-11   4.055957e-05   5.863832e-13   2148
  4.696011e-02   1.630685e-11   3.426081e-05   5.585964e-13   1680
  4.708345e-02   1.741380e-11   4.331283e-05   6.015715e-13   2280
  4.723171e-02   1.517438e-11   4.033380e-05   4.554305e-13   2352
  4.737018e-02   1.538392e-11   3.389045e-05   5.460088e-13   1632
  4.747973e-02   1.666681e-11   3.877968e-05   5.903531e-13   1968
  4.763007e-02   1.408266e-11   3.978797e-05   4.594806e-13   2112
  4.776947e-02   1.410445e-11   2.988778e-05   3.834306e-13   2208
  4.790493e-02   1.634602e-11   3.013587e-05   6.144403e-13   1974
  4.801184e-02   1.714323e-11   2.948107e-05   5.697528e-13   1944
  4.815628e-02   1.523460e-11   3.335444e-05   5.078082e-13   2160
  4.828147e-02   1.455872e-11   3.119393e-05   4.938198e-13   2040
  4.841676e-02   1.530336e-11   4.364102e-05   4.818446e-13   2352
  4.855552e-02   1.470652e-11   3.625519e-05   4.913453e-13   1836
  4.868217e-02   1.415948e-11   3.867534e-05   4.415452e-13   2352
  4.882436e-02   1.325599e-11   4.056520e-05   4.616935e-13   2008
  4.895471e-02   1.464599e-11   3.990633e-05   3.898216e-13   2464
  4.910006e-02   1.381112e-11   3.218620e-05   4.540149e-13   2118
  4.921928e-02   1.349768e-11   3.235521e-05   5.241265e-13   1848
  4.934199e-02   1.593928e-11   4.281651e-05   5.475615e-13   2280
  4.949021e-02   1.471235e-11   4.072874e-05   4.694618e-13   2472
  4.962871e-02   1.294247e-11   2.721777e-05   3.932740e-13   2280
  4.974498e-02   1.342083e-11   3.326914e-05   4.303531e-13   1992
  4.987037e-02   1.337743e-11   3.497611e-05   4.570796e-13   2184
  5.001496e-02   1.222269e-11   4.219327e-05   3.505593e-13   2352
  5.015428e-02   1.233610e-11   4.446417e-05   3.433688e-13   2496
  5.029070e-02   1.296433e-11   4.153005e-05   4.714574e-13   1770
  5.041307e-02   1.366483e-11   3.583387e-05   4.460385e-13   2568
  5.056016e-02   1.324250e-11   4.395171e-05   4.560330e-13   2712
  5.069387e-02   1.354156e-11   3.490401e-05   4.298193e-13   2448
  5.082739e-02   1.297722e-11   2.942229e-05   5.072842e-13   2064
  5.093815e-02   1.299248e-11   3.105589e-05   4.392201e-13   1944
  5.108176e-02   1.275049e-11   3.836543e-05   4.027755e-13   2480
  5.122827e-02   1.162498e-11   4.167612e-05   3.237856e-13   2880
  5.135803e-02   1.104641e-11   3.997838e-05   3.464835e-13   2304
  5.149357e-02   1.128651e-11   3.673025e-05   3.610814e-13   1806
  5.161376e-02   1.345096e-11   3.602117e-05   4.443681e-13   2856
  5.176436e-02   1.355173e-11   3.454539e-05   4.112760e-13   2568
  5.187898e-02   1.242857e-11   3.465861e-05   4.656121e-13   2112
  5.200371e-02   1.294526e-11   3.338235e-05   4.446242e-13   2028
  5.213754e-02   1.164931e-11   3.951487e-05   3.743072e-13   2712
  5.227342e-02   1.126295e-11   4.257104e-05   3.238703e-13   2952
  5.241946e-02   1.055394e-11   3.289335e-05   3.869365e-13   2112
  5.253752e-02   1.012208e-11   3.854933e-05   2.998732e-13   2520
  5.267934e-02   1.016054e-11   3.718159e-05   3.210154e-13   2376
  5.280850e-02   1.226820e-11   2.980600e-05   4.020064e-13   2526
  5.294258e-02   1.278952e-11   3.709278e-05   4.282606e-13   2664
  5.307533e-02   1.191282e-11   4.424111e-05   4.235384e-13   2408
  5.320257e-02   1.092447e-11   3.543885e-05   3.756228e-13   2568
  5.333234e-02   1.071332e-11   3.341247e-05   3.202532e-13   2904
  5.347313e-02   1.082302e-11   3.748974e-05   3.694706e-13   2544
  5.360688e-02   1.004745e-11   2.761377e-05   3.534439e-13   2160
  5.373309e-02   1.094508e-11   4.774103e-05   3.539477e-13   2652
  5.387251e-02   8.924076e-12   3.780107e-05   2.443218e-13   2784
  5.400667e-02   1.187260e-11   3.732966e-05   4.061236e-13   2694
  5.414568e-02   1.050904e-11   3.354893e-05   3.439987e-13   2952
  5.426646e-02   1.095706e-11   3.177694e-05   4.505378e-13   2208
  5.438951e-02   1.235212e-11   3.386795e-05   4.493746e-13   2304
  5.452686e-02   1.082682e-11   4.404153e-05   3.451663e-13   3504
  5.468704e-02   1.091875e-11   3.566199e-05   4.261924e-13   2616
  5.481197e-02   9.097867e-12   3.483888e-05   2.809943e-13   2664
  5.493231e-02   1.013799e-11   3.236837e-05   3.650117e-13   2448
  5.505358e-02   9.621444e-12   4.507847e-05   3.072697e-13   2472
  5.519625e-02   9.323308e-12   3.583995e-05   2.936245e-13   3134
  5.533052e-02   1.111495e-11   3.919837e-05   4.333620e-13   2616
  5.546459e-02   1.009954e-11   3.175220e-05   3.385501e-13   2712
  5.560251e-02   1.058727e-11   3.641518e-05   3.495377e-13   3204
  5.573433e-02   1.071628e-11   4.193935e-05   3.654477e-13   2760
  5.585952e-02   9.292013e-12   3.659141e-05   3.172263e-13   2688
  5.599758e-02   1.002435e-11   3.459706e-05   3.167027e-13   2760
  5.611966e-02   8.728025e-12   2.856735e-05   3.075863e-13   2568
  5.626024e-02   8.905946e-12   4.436368e-05   2.708170e-13   3336
  5.639518e-02   9.303133e-12   3.754899e-05   3.243972e-13   2334
  5.653143e-02   1.076482e-11   4.155200e-05   3.944420e-13   3264
  5.665877e-02   1.079665e-11   3.021147e-05   3.937277e-13   2760
  5.678936e-02   9.510184e-12   3.648690e-05   2.819581e-13   3192
  5.692232e-02   9.017922e-12   3.788121e-05   3.091428e-13   2904
  5.706373e-02   8.377823e-12   3.800855e-05   2.456185e-13   2784
  5.718210e-02   9.620146e-12   3.128174e-05   3.212328e-13   2592
  5.731676e-02   8.251650e-12   4.264148e-05   2.697788e-13   3284
  5.745986e-02   8.606721e-12   4.283141e-05   2.770425e-13   3168
  5.758789e-02   8.783419e-12   3.533898e-05   3.211910e-13   2616
  5.772248e-02   9.922026e-12   3.414619e-05   3.733178e-13   3222
  5.785340e-02   1.053819e-11   3.831309e-05   3.596767e-13   3240
  5.798019e-02   1.064364e-11   3.875986e-05   4.102507e-13   2568
  5.812433e-02   9.076436e-12   3.556408e-05   3.259809e-13   3120
  5.824485e-02   8.200058e-12   3.909746e-05   2.948101e-13   3168
  5.837447e-02   8.173288e-12   3.422686e-05   2.775485e-13   3240
  5.851627e-02   8.318187e-12   3.511591e-05   2.732550e-13   3144
  5.865403e-02   8.815104e-12   3.347158e-05   3.295753e-13   2856
  5.878423e-02   7.997878e-12   3.574899e-05   2.709870e-13   3264
  5.893157e-02   8.646316e-12   3.950103e-05   3.192274e-13   3318
  5.904752e-02   1.043001e-11   2.766430e-05   4.448278e-13   2556
  5.918571e-02   9.015067e-12   4.725572e-05   2.993598e-13   4008
  5.932562e-02   9.261829e-12   3.488298e-05   3.839240e-13   2904
  5.944532e-02   7.857462e-12   3.566907e-05   2.856797e-13   3144
  5.958157e-02   9.492419e-12   3.718536e-05   3.318068e-13   3200
  5.972258e-02   7.400907e-12   3.667377e-05   2.547881e-13   3312
  5.984899e-02   8.055639e-12   2.955743e-05   2.993344e-13   2832
  5.999012e-02   7.368625e-12   4.253499e-05   2.219591e-13   3984
  6.012116e-02   8.236450e-12   3.457893e-05   4.023622e-13   2238
  6.024079e-02   8.595359e-12   4.069346e-05   2.737146e-13   3984
  6.038921e-02   8.631318e-12   3.867091e-05   3.009478e-13   3384
  6.051252e-02   8.890069e-12   3.614685e-05   3.316799e-13   3048
  6.064126e-02   7.861941e-12   3.318986e-05   3.159893e-13   3096
  6.077574e-02   7.401690e-12   3.761972e-05   2.340712e-13   3708
  6.090944e-02   7.516077e-12   3.565839e-05   2.956195e-13   2784
  6.103364e-02   6.940762e-12   3.703806e-05   2.133600e-13   3648
  6.117471e-02   6.619138e-12   3.812015e-05   1.974321e-13   3888
  6.132486e-02   6.576554e-12   4.069438e-05   2.262031e-13   2958
  6.143695e-02   1.005604e-11   3.473644e-05   4.187015e-13   3264
  6.157204e-02   8.555346e-12   3.834804e-05   3.232663e-13   3160
  6.169966e-02   7.809735e-12   3.475433e-05   2.691258e-13   3736
  6.182061e-02   7.687255e-12   3.166933e-05   3.080844e-13   3216
  6.196326e-02   7.727075e-12   3.880906e-05   2.508342e-13   4032
  6.211204e-02   7.280085e-12   3.543197e-05   2.569394e-13   3528
  6.223889e-02   6.917856e-12   3.127631e-05   2.379227e-13   3192
  6.236570e-02   6.456345e-12   3.425312e-05   2.168800e-13   3456
  6.250326e-02   6.535793e-12   3.551688e-05   2.651001e-13   3060
  6.264115e-02   7.183225e-12   4.223365e-05   2.344221e-13   4518
  6.277551e-02   7.872937e-12   3.762471e-05   3.722095e-13   3528
  6.289901e-02   9.384737e-12   3.159819e-05   3.843318e-13   3024
  6.303069e-02   6.711740e-12   4.278269e-05   2.300826e-13   3672
  6.316482e-02   7.946072e-12   3.672054e-05   2.812142e-13   3864
  6.331374e-02   7.074113e-12   3.892327e-05   2.490785e-13   3816
  6.343553e-02   6.112218e-12   3.541157e-05   2.106404e-13   3456
  6.355230e-02   6.727395e-12   3.205550e-05   2.710537e-13   2688
  6.368987e-02   5.291644e-12   3.803324e-05   1.577023e-13   4248
  6.382626e-02   7.654177e-12   3.642856e-05   2.792231e-13   3926
  6.396326e-02   7.876059e-12   3.846230e-05   3.015089e-13   3504
  6.409559e-02   8.271690e-12   3.438587e-05   3.128906e-13   3960
  6.424171e-02   7.563801e-12   3.871047e-05   3.140557e-13   3684
  6.436702e-02   6.399639e-12   3.870788e-05   2.154266e-13   4104
  6.449230e-02   6.307557e-12   3.671229e-05   2.317344e-13   3144
  6.462689e-02   6.691283e-12   4.021260e-05   2.153426e-13   4224
  6.477486e-02   5.635156e-12   3.569217e-05   1.849866e-13   4008
  6.490128e-02   5.871649e-12   3.926704e-05   1.816960e-13   3312
  6.503145e-02   7.260826e-12   3.905555e-05   2.924865e-13   3726
  6.516990e-02   6.532849e-12   4.011484e-05   2.408472e-13   3936
  6.529284e-02   7.858819e-12   4.135051e-05   2.776203e-13   3888
  6.542042e-02   6.345994e-12   3.910087e-05   2.415288e-13   3864
  6.555315e-02   7.701254e-12   4.156752e-05   3.101994e-13   3888
  6.568988e-02   5.731754e-12   3.920457e-05   1.992172e-13   4080
  6.582485e-02   7.164190e-12   4.160798e-05   2.871427e-13   3400
  6.596257e-02   5.097181e-12   3.815872e-05   1.694451e-13   4588
  6.610181e-02   5.450557e-12   3.776925e-05   1.825670e-13   3816
  6.622350e-02   5.856719e-12   3.578953e-05   2.341644e-13   3534
  6.635233e-02   7.446739e-12   3.535050e-05   2.849704e-13   4080
  6.648709e-02   7.450079e-12   3.695128e-05   2.641120e-13   4248
  6.662243e-02   7.411775e-12   3.723567e-05   3.433690e-13   3528
  6.674732e-02   6.301743e-12   3.806838e-05   2.402041e-13   4248
  6.687355e-02   6.776654e-12   3.723470e-05   2.544089e-13   3696
  6.701412e-02   5.979421e-12   3.863623e-05   2.066086e-13   4560
  6.714744e-02   6.068414e-12   3.618932e-05   2.153964e-13   3864
  6.728435e-02   5.176189e-12   3.940462e-05   1.782465e-13   4440
  6.741412e-02   5.841094e-12   3.676544e-05   2.299432e-13   3432
  6.755047e-02   7.035738e-12   3.604928e-05   2.590707e-13   4470
  6.768460e-02   6.909234e-12   3.203583e-05   2.474652e-13   4188
  6.781644e-02   6.414711e-12   4.104240e-05   2.840035e-13   4392
  6.794739e-02   6.999970e-12   3.175020e-05   2.507526e-13   3960
  6.808355e-02   5.953248e-12   3.586848e-05   2.094194e-13   4328
  6.821546e-02   5.496835e-12   3.732846e-05   2.050614e-13   4320
  6.834877e-02   5.332876e-12   3.903394e-05   1.732992e-13   4152
  6.847240e-02   5.409704e-12   3.265248e-05   1.947058e-13   3528
  6.861221e-02   5.083219e-12   3.534132e-05   1.953030e-13   4512
  6.874300e-02   6.472352e-12   3.612753e-05   2.893760e-13   4134
  6.887586e-02   6.723687e-12   3.848793e-05   2.347255e-13   5208
  6.900363e-02   6.898352e-12   3.353238e-05   3.108910e-13   3240
  6.913582e-02   6.399692e-12   3.698469e-05   2.382108e-13   4680
  6.927036e-02   6.154040e-12   3.661784e-05   2.397656e-13   4440
  6.940506e-02   5.964094e-12   4.149396e-05   2.251092e-13   4260
  6.953425e-02   4.869087e-12   3.387580e-05   2.027931e-13   4056
  6.966730e-02   4.719420e-12   3.755725e-05   1.766539e-13   4704
  6.980695e-02   4.877629e-12   4.370427e-05   1.634995e-13   4800
  6.995457e-02   5.882432e-12   3.786638e-05   2.317780e-13   4806
  7.008213e-02   8.540363e-12   3.774676e-05   3.549234e-13   3552
  7.020363e-02   5.468244e-12   3.784797e-05   2.369279e-13   4304
  7.034080e-02   5.891070e-12   3.670398e-05   2.050588e-13   5280
  7.047644e-02   5.451165e-12   3.521125e-05   2.344508e-13   4320
  7.060484e-02   5.959998e-12   3.976273e-05   2.181984e-13   4296
  7.074023e-02   4.640055e-12   4.420626e-05   1.863524e-13   4608
  7.087716e-02   4.988301e-12   4.235197e-05   1.691283e-13   4824
  7.101273e-02   4.313711e-12   3.998326e-05   1.550135e-13   4488
  7.115820e-02   5.212248e-12   3.732867e-05   1.982720e-13   4530
  7.127832e-02   6.786851e-12   3.644837e-05   2.833704e-13   4464
  7.139852e-02   6.037299e-12   3.434989e-05   2.498356e-13   4104
  7.153651e-02   6.284056e-12   3.703635e-05   2.365210e-13   5424
  7.167225e-02   5.882737e-12   3.986736e-05   2.477382e-13   4392
  7.181039e-02   5.480229e-12   3.903176e-05   2.113212e-13   4896
  7.193584e-02   4.768010e-12   3.825910e-05   1.921096e-13   4104
  7.206673e-02   5.321453e-12   3.449962e-05   1.959083e-13   4824
  7.220484e-02   3.938593e-12   3.297356e-05   1.516965e-13   4680
  7.232516e-02   4.413057e-12   3.372473e-05   1.694758e-13   4328
  7.246482e-02   5.892695e-12   3.887589e-05   2.300853e-13   5118
  7.260515e-02   5.722603e-12   4.504019e-05   2.136790e-13   5304
  7.273179e-02   6.891222e-12   3.546706e-05   2.749043e-13   4392
  7.286977e-02   5.181839e-12   3.559785e-05   2.092781e-13   4476
  7.299043e-02   5.459938e-12   3.535289e-05   2.354359e-13   4704
  7.312469e-02   4.950460e-12   4.279045e-05   1.958883e-13   5208
  7.326580e-02   4.248718e-12   3.607952e-05   1.458588e-13   5304
  7.339582e-02   4.342448e-12   3.864618e-05   1.704234e-13   4296
  7.352915e-02   4.070097e-12   3.664656e-05   1.367983e-13   4752
  7.366924e-02   5.431861e-12   3.678717e-05   2.183600e-13   4950
  7.379514e-02   5.934018e-12   3.845248e-05   2.446016e-13   5064
  7.392107e-02   5.664927e-12   3.221819e-05   2.170558e-13   4872
  7.404842e-02   4.861818e-12   3.391693e-05   2.103138e-13   4224
  7.418439e-02   5.196292e-12   3.746550e-05   1.934987e-13   6120
  7.432909e-02   4.759840e-12   4.121682e-05   1.834117e-13   4968
  7.446035e-02   5.054671e-12   3.647330e-05   1.991058e-13   4424
  7.459615e-02   4.153927e-12   4.658690e-05   1.541259e-13   5436
  7.473029e-02   3.818095e-12   3.971942e-05   1.252457e-13   4896
  7.485997e-02   4.800299e-12   3.802700e-05   2.174218e-13   5214
  7.498497e-02   6.341932e-12   3.232495e-05   2.598139e-13   4656
  7.512388e-02   5.627865e-12   4.109854e-05   2.153716e-13   5448
  7.525660e-02   5.029154e-12   3.471075e-05   2.250734e-13   4992
  7.538656e-02   5.415266e-12   3.841518e-05   1.998548e-13   5400
  7.552941e-02   4.805857e-12   4.257591e-05   2.023670e-13   5328
  7.566104e-02   4.698545e-12   3.807067e-05   1.900223e-13   4776
  7.578488e-02   3.451623e-12   3.577370e-05   1.466992e-13   4800
  7.592245e-02   4.090377e-12   4.600314e-05   1.394463e-13   6552
  7.606640e-02   4.910098e-12   3.475474e-05   2.071470e-13   3942
  7.619113e-02   5.671989e-12   4.380440e-05   2.241294e-13   6072
  7.632925e-02   6.487666e-12   3.402011e-05   2.629228e-13   4692
  7.644505e-02   4.657663e-12   3.551646e-05   1.964001e-13   4944
  7.658069e-02   4.701643e-12   3.812010e-05   1.722600e-13   5840
  7.671996e-02   4.248692e-12   4.080599e-05   1.575920e-13   5712
  7.685708e-02   4.578827e-12   3.419805e-05   1.776761e-13   4800
  7.698216e-02   4.018699e-12   4.529027e-05   1.543720e-13   5688
  7.711918e-02   4.294087e-12   3.573308e-05   1.851877e-13   4848
  7.725496e-02   2.887711e-12   3.977304e-05   1.147022e-13   5406
  7.738383e-02   1.030618e-13   3.590161e-05   1.637173e-15   5568
  7.751323e-02   9.484110e-14   3.227314e-05   1.524596e-15   5736
  7.765307e-02   1.004199e-13   4.008117e-05   1.578742e-15   5280
  7.777996e-02   9.512701e-14   3.705797e-05   1.517372e-15   5592
  7.791058e-02   1.006726e-13   4.242156e-05   1.745826e-15   4968
  7.804868e-02   9.929166e-14   3.803660e-05   1.533543e-15   5964
  7.818341e-02   9.292132e-14   3.821335e-05   1.505955e-15   5376
  7.830583e-02   9.028230e-14   3.689734e-05   1.441928e-15   5472
  7.844775e-02   9.616213e-14   3.504188e-05   1.571704e-15   5472
  7.857753e-02   9.608807e-14   3.984147e-05   1.572857e-15   5415
  7.870330e-02   9.974917e-14   3.504539e-05   1.680307e-15   5096
  7.883937e-02   9.337199e-14   4.506749e-05   1.421810e-15   6372
  7.897702e-02   9.664842e-14   3.658375e-05   1.807106e-15   4656
  7.910037e-02   9.492968e-14   3.993774e-05   1.495520e-15   5844
  7.923310e-02   9.632551e-14   3.511455e-05   1.554504e-15   5508
  7.937377e-02   9.204532e-14   3.983446e-05   1.443360e-15   6324
  7.951180e-02   9.019084e-14   3.421785e-05   1.614986e-15   4752
  7.963796e-02   9.284698e-14   3.830973e-05   1.571430e-15   5676
  7.977453e-02   9.054118e-14   3.504605e-05   1.485558e-15   5472
  7.990415e-02   9.216811e-14   3.953096e-05   1.491482e-15   5556
  8.004340e-02   9.343160e-14   3.852216e-05   1.480153e-15   5436
  8.017780e-02   8.645259e-14   3.943011e-05   1.351970e-15   5916
  8.031582e-02   9.033847e-14   4.102467e-05   1.525919e-15   5520
  8.044009e-02   8.769485e-14   3.731001e-05   1.482985e-15   5280
  8.056742e-02   8.945418e-14   3.666043e-05   1.625322e-15   4416
  8.071109e-02   8.613399e-14   3.573496e-05   1.313355e-15   6260
  8.084604e-02   8.596842e-14   4.249323e-05   1.404536e-15   5940
  8.096828e-02   8.391769e-14   3.327914e-05   1.574312e-15   4188
  8.110286e-02   8.089878e-14   4.255021e-05   1.323264e-15   6360
  8.124436e-02   8.343536e-14   3.795299e-05   1.457474e-15   5256
  8.137578e-02   8.732874e-14   3.587809e-05   1.565561e-15   4848
  8.148839e-02   8.327610e-14   3.252535e-05   1.524858e-15   4704
  8.162701e-02   8.462705e-14   3.990014e-05   1.443757e-15   5784
  8.176804e-02   7.950377e-14   4.221896e-05   1.295154e-15   5820
  8.190417e-02   8.004425e-14   3.781915e-05   1.379605e-15   5700
  8.204111e-02   8.133361e-14   3.507203e-05   1.358689e-15   5232
  8.217823e-02   7.757077e-14   3.891543e-05   1.363658e-15   4932
  8.229969e-02   7.333569e-14   3.349601e-05   1.362081e-15   4716
  8.242731e-02   7.802166e-14   4.266671e-05   1.257325e-15   5616
  8.255863e-02   7.787186e-14   3.768096e-05   1.267871e-15   5184
  8.269408e-02   7.548453e-14   3.801084e-05   1.373644e-15   5064
  8.282182e-02   7.184795e-14   3.892127e-05   1.234108e-15   5544
  8.296349e-02   7.376317e-14   3.907038e-05   1.251916e-15   5192
  8.309238e-02   7.252439e-14   3.511083e-05   1.306442e-15   5244
  8.322792e-02   7.172137e-14   3.799032e-05   1.274166e-15   5112
  8.336265e-02   6.913742e-14   3.486356e-05   1.191531e-15   5040
  8.348630e-02   7.128548e-14   3.665263e-05   1.201995e-15   5124
  8.363071e-02   7.089097e-14   4.114750e-05   1.178395e-15   5952
  8.376399e-02   6.987218e-14   3.605357e-05   1.226917e-15   4824
  8.388483e-02   6.889104e-14   3.639157e-05   1.227740e-15   4536
  8.402470e-02   6.832225e-14   3.868091e-05   1.102470e-15   5712
  8.416837e-02   7.293304e-14   4.232747e-05   1.283808e-15   5352
  8.430385e-02   6.459396e-14   3.686879e-05   1.128613e-15   5004
  8.442490e-02   6.389864e-14   3.687883e-05   1.155347e-15   4800
  8.455498e-02   6.928629e-14   3.963132e-05   1.184199e-15   5148
  8.469909e-02   6.333658e-14   4.116226e-05   1.012500e-15   5664
  8.482931e-02   6.115455e-14   3.696967e-05   1.121543e-15   4692
  8.494963e-02   6.611279e-14   3.434528e-05   1.257204e-15   4008
  8.508995e-02   6.267962e-14   3.936712e-05   1.012427e-15   5852
  8.523261e-02   6.216447e-14   3.727699e-05   1.012543e-15   5784
  8.535931e-02   6.009220e-14   3.436290e-05   1.180558e-15   4392
  8.548973e-02   5.963763e-14   3.370672e-05   1.037643e-15   4944
  8.562664e-02   6.084701e-14   3.973966e-05   1.139114e-15   4776
  8.575576e-02   5.805311e-14   3.823172e-05   1.014980e-15   5244
  8.589589e-02   5.661799e-14   3.816428e-05   9.920623e-16   4884
  8.601347e-02   5.462334e-14   3.236627e-05   9.478242e-16   4488
  8.615020e-02   5.760156e-14   3.845967e-05   1.017107e-15   5160
  8.628788e-02   6.312102e-14   3.915732e-05   1.114000e-15   5316
  8.642050e-02   5.355417e-14   3.959078e-05   9.698145e-16   4896
  8.654979e-02   6.063002e-14   3.678676e-05   1.135948e-15   4188
  8.668008e-02   5.096724e-14   4.012439e-05   9.228781e-16   4836
  8.681312e-02   5.867328e-14   3.980375e-05   9.955995e-16   5316
  8.694788e-02   5.016580e-14   3.684320e-05   8.498583e-16   4920
  8.707391e-02   5.394132e-14   3.711675e-05   1.011651e-15   4128
  8.720913e-02   5.105267e-14   3.992900e-05   8.691476e-16   5348
  8.734221e-02   5.499019e-14   3.464636e-05   9.862200e-16   4836
  8.746927e-02   4.949483e-14   3.733258e-05   9.534043e-16   4392
  8.760614e-02   5.050998e-14   3.279971e-05   9.290528e-16   4632
  8.772936e-02   5.097718e-14   3.664846e-05   9.253483e-16   4596
  8.787086e-02   5.158779e-14   3.685510e-05   8.606359e-16   5424
  8.801086e-02   4.729832e-14   3.793568e-05   8.083438e-16   5256
  8.815510e-02   5.228867e-14   3.852821e-05   9.663810e-16   4524
  8.827521e-02   4.742618e-14   3.664794e-05   8.907538e-16   4440
  8.840974e-02   4.715197e-14   3.133870e-05   8.671019e-16   4380
  8.854139e-02   4.916981e-14   4.101207e-05   8.809195e-16   4812
  8.868152e-02   4.524181e-14   4.073468e-05   7.384340e-16   5376
  8.880964e-02   4.225264e-14   3.253612e-05   8.204164e-16   3888
  8.893241e-02   4.505839e-14   3.725762e-05   7.890442e-16   4896
  8.906939e-02   4.521086e-14   3.931288e-05   8.076692e-16   4608
  8.921320e-02   4.731752e-14   3.710894e-05   9.211485e-16   4448
  8.933838e-02   4.128143e-14   3.830656e-05   7.129889e-16   4752
  8.947029e-02   4.561337e-14   4.012373e-05   8.087191e-16   4356
  8.960899e-02   4.485581e-14   3.861162e-05   7.636470e-16   5232
  8.974691e-02   4.272423e-14   3.891084e-05   8.056395e-16   4548
  8.988062e-02   4.198102e-14   3.782625e-05   7.644935e-16   4608
  9.001116e-02   4.079679e-14   3.436210e-05   7.776276e-16   3936
  9.013439e-02   4.186810e-14   4.107271e-05   8.471961e-16   4260
  9.027286e-02   3.918575e-14   3.682227e-05   6.807063e-16   5004
  9.039948e-02   4.341855e-14   3.638663e-05   8.248512e-16   4224
  9.053830e-02   3.802735e-14   3.931203e-05   6.877163e-16   4788
  9.067315e-02   4.214677e-14   4.134333e-05   7.871304e-16   4428
  9.080453e-02   3.810612e-14   3.454792e-05   7.858558e-16   4080
  9.093101e-02   3.996513e-14   3.777500e-05   7.338087e-16   4632
  9.106418e-02   4.129925e-14   3.928312e-05   8.044104e-16   4056
  9.120416e-02   3.831461e-14   3.698574e-05   6.983759e-16   4536
  9.133206e-02   4.032418e-14   3.772302e-05   7.127350e-16   4668
  9.147212e-02   3.556930e-14   4.043234e-05   6.529024e-16   4604
  9.160853e-02   3.808607e-14   3.632885e-05   7.581929e-16   4152
  9.173442e-02   3.631991e-14   3.520842e-05   7.019205e-16   4224
  9.186787e-02   3.503072e-14   3.385027e-05   6.534012e-16   4152
  9.200120e-02   3.881521e-14   3.839734e-05   7.163099e-16   4224
  9.213082e-02   3.362843e-14   3.550979e-05   6.899882e-16   3960
  9.225568e-02   3.585823e-14   3.664387e-05   6.601641e-16   4656
  9.239207e-02   3.559617e-14   3.953799e-05   6.854762e-16   4452
  9.253193e-02   3.364338e-14   4.019688e-05   6.585881e-16   4056
  9.266207e-02   3.527143e-14   3.983022e-05   7.027806e-16   4212
  9.279391e-02   3.543101e-14   3.310059e-05   7.570568e-16   3432
  9.292751e-02   3.327343e-14   4.234530e-05   5.852526e-16   5352
  9.305809e-02   3.328725e-14   3.101288e-05   7.408069e-16   3600
  9.320023e-02   3.222882e-14   3.420776e-05   6.053365e-16   4584
  9.332435e-02   3.198611e-14   3.410703e-05   6.514109e-16   3768
  9.345219e-02   3.200673e-14   3.640976e-05   6.688734e-16   3848
  9.357979e-02   3.136921e-14   3.338360e-05   6.262671e-16   3720
  9.372450e-02   3.121192e-14   4.190135e-05   6.126850e-16   4764
  9.385225e-02   3.204984e-14   3.374222e-05   6.488140e-16   3864
  9.398344e-02   3.238245e-14   4.179381e-05   6.334850e-16   4332
  9.412654e-02   3.300939e-14   3.568187e-05   6.807783e-16   3792
  9.425440e-02   2.940828e-14   4.047381e-05   5.619438e-16   4284
  9.438991e-02   2.860351e-14   3.832423e-05   5.776258e-16   3840
  9.451816e-02   2.935259e-14   3.647966e-05   6.758132e-16   3480
  9.464839e-02   3.009177e-14   4.070428e-05   5.829856e-16   4380
  9.478918e-02   3.027561e-14   3.823454e-05   6.004947e-16   4200
  9.492752e-02   3.009879e-14   3.675038e-05   6.017997e-16   4056
  9.505599e-02   2.906151e-14   3.693562e-05   6.507062e-16   3600
  9.517635e-02   2.736609e-14   3.680054e-05   5.767082e-16   3492
  9.531698e-02   2.725533e-14   4.297472e-05   5.460500e-16   4500
  9.546047e-02   2.831174e-14   3.765166e-05   6.116964e-16   3516
  9.558379e-02   2.752079e-14   3.936132e-05   5.655492e-16   3968
  9.572200e-02   2.769392e-14   3.782964e-05   5.948742e-16   3648
  9.584435e-02   2.866338e-14   3.617557e-05   6.129912e-16   4224
  9.598305e-02   2.488957e-14   4.060382e-05   5.350858e-16   3588
  9.611319e-02   2.695380e-14   3.745228e-05   5.969865e-16   3456
  9.624414e-02   2.592461e-14   3.326226e-05   5.916828e-16   3660
  9.637947e-02   2.592664e-14   3.650922e-05   5.560989e-16   3768
  9.650560e-02   2.633307e-14   3.692160e-05   5.683073e-16   3744
  9.664106e-02   2.410084e-14   4.052752e-05   4.739122e-16   4176
  9.678516e-02   2.672869e-14   3.738219e-05   6.142884e-16   3612
  9.690427e-02   2.373422e-14   4.062413e-05   5.396508e-16   3216
  9.704058e-02   2.385240e-14   3.927661e-05   5.332328e-16   3624
  9.717763e-02   2.380429e-14   3.693293e-05   4.982897e-16   3744
  9.731007e-02   2.654084e-14   3.940714e-05   6.061058e-16   3672
  9.744075e-02   2.371191e-14   3.573545e-05   5.178551e-16   3852
  9.757569e-02   2.465167e-14   3.678000e-05   5.827399e-16   3672
  9.771922e-02   2.481076e-14   3.583601e-05   5.841509e-16   3248
  9.783909e-02   2.050500e-14   3.668070e-05   4.790974e-16   3336
  9.796993e-02   2.259428e-14   3.733767e-05   5.518852e-16   3576
  9.810372e-02   2.425186e-14   3.169632e-05   5.530368e-16   3336
  9.824003e-02   2.400032e-14   3.764967e-05   5.180344e-16   3936
  9.837452e-02   2.326665e-14   4.009796e-05   5.361859e-16   3408
  9.850792e-02   2.394827e-14   3.532695e-05   5.470166e-16   3336
  9.863753e-02   1.915191e-14   3.968025e-05   4.548578e-16   3312
  9.876710e-02   2.104984e-14   4.017669e-05   5.094698e-16   3432
  9.890511e-02   2.059332e-14   3.483158e-05   4.953297e-16   3144
  9.903102e-02   2.275505e-14   3.781315e-05   5.455338e-16   3456
  9.917270e-02   2.182588e-14   3.634277e-05   4.962505e-16   3792
  9.930069e-02   2.304641e-14   3.569880e-05   6.593139e-16   2868
  9.943898e-02   2.032993e-14   3.698382e-05   4.632942e-16   3888
  9.956820e-02   1.853801e-14   3.211347e-05   4.591664e-16   2784
  9.969541e-02   1.872375e-14   3.667449e-05   4.914280e-16   2964
  9.983438e-02   2.114866e-14   3.776753e-05   4.903460e-16   3432
  9.996667e-02   2.025730e-14   3.909320e-05   4.742219e-16   3416
  1.001005e-01   1.981183e-14   4.178720e-05   4.723104e-16   3528
  1.002375e-01   2.059856e-14   3.353721e-05   5.174727e-16   2904
  1.003587e-01   1.807273e-14   3.760504e-05   4.802267e-16   3072
  1.004997e-01   1.785125e-14   4.223478e-05   4.457167e-16   3216
  1.006406e-01   1.818648e-14   3.420568e-05   4.791380e-16   2844
  1.007643e-01   1.919439e-14   3.914212e-05   4.701220e-16   3432
  1.008913e-01   2.107017e-14   3.146102e-05   5.654953e-16   2880
  1.010331e-01   1.847081e-14   4.167462e-05   4.621395e-16   3576
  1.011667e-01   2.042888e-14   3.725127e-05   6.072253e-16   2700
  1.012947e-01   1.571080e-14   4.184241e-05   4.440218e-16   3000
  1.014287e-01   1.650876e-14   3.474167e-05   4.771148e-16   2556
  1.015588e-01   1.900622e-14   3.723616e-05   5.083051e-16   3360
  1.016933e-01   1.888048e-14   3.618085e-05   5.312556e-16   3120
  1.018383e-01   1.848284e-14   4.259633e-05   4.754553e-16   3216
  1.019631e-01   1.873027e-14   3.004203e-05   5.250547e-16   2628
  1.021033e-01   1.649040e-14   3.971124e-05   4.538620e-16   3200
  1.022313e-01   1.508042e-14   3.746373e-05   4.531023e-16   2232
  1.023605e-01   1.463318e-14   4.276367e-05   3.917809e-16   3108
  1.024892e-01   1.889379e-14   3.756543e-05   5.391055e-16   2604
  1.026209e-01   1.814973e-14   4.046859e-05   4.880597e-16   3096
  1.027657e-01   1.543241e-14   3.687219e-05   4.148358e-16   3084
  1.028914e-01   1.545540e-14   3.762750e-05   4.690333e-16   2664
  1.030209e-01   1.490291e-14   3.318155e-05   4.812245e-16   2232
  1.031478e-01   1.292691e-14   4.087466e-05   3.822498e-16   2808
  1.032867e-01   1.611453e-14   3.861245e-05   4.642089e-16   2592
  1.034165e-01   1.933627e-14   3.964031e-05   5.251817e-16   2952
  1.035528e-01   1.605128e-14   3.742532e-05   5.047406e-16   2772
  1.036853e-01   1.458129e-14   4.024859e-05   4.066883e-16   3036
  1.038240e-01   1.447861e-14   3.904132e-05   5.009921e-16   2136
  1.039504e-01   1.224932e-14   3.113555e-05   3.442077e-16   2496
  1.040803e-01   1.588448e-14   4.147022e-05   5.541238e-16   2228
  1.042157e-01   1.623920e-14   3.866354e-05   4.947818e-16   3048
  1.043504e-01   1.503752e-14   3.693255e-05   4.475762e-16   2676
  1.044843e-01   1.457416e-14   3.679297e-05   4.330807e-16   2784
  1.046123e-01   1.446061e-14   3.574445e-05   5.236756e-16   1920
  1.047406e-01   1.207580e-14   3.814797e-05   3.808851e-16   2400
  1.048797e-01   1.068496e-14   3.498956e-05   3.144371e-16   2532
  1.050235e-01   1.518299e-14   3.886503e-05   5.244121e-16   2544
  1.051529e-01   1.489766e-14   4.065810e-05   4.492452e-16   2772
  1.052804e-01   1.417964e-14   3.808290e-05   5.181429e-16   2160
  1.054070e-01   1.293526e-14   4.101890e-05   3.894907e-16   2304
  1.055535e-01   1.246710e-14   4.013912e-05   4.327476e-16   2328
  1.056848e-01   1.014406e-14   3.848494e-05   3.410852e-16   2304
  1.058064e-01   1.143875e-14   3.639285e-05   4.437191e-16   1908
  1.059448e-01   1.596648e-14   4.070306e-05   5.308138e-16   2736
  1.060780e-01   1.249630e-14   3.856611e-05   4.161573e-16   2448
  1.062198e-01   1.247403e-14   3.605723e-05   4.371314e-16   2040
  1.063480e-01   1.019237e-14   3.754293e-05   4.165067e-16   2120
  1.064713e-01   1.055957e-14   3.112689e-05   3.646709e-16   2040
  1.066041e-01   8.469890e-15   3.861852e-05   3.280746e-16   2208
  1.067543e-01   1.363909e-14   3.467358e-05   5.116171e-16   2208
  1.068760e-01   1.544939e-14   3.842494e-05   5.549796e-16   2196
  1.070018e-01   8.914286e-15   3.380103e-05   3.823829e-16   1848
  1.071297e-01   1.021428e-14   3.833483e-05   4.123152e-16   2124
  1.072728e-01   1.086642e-14   4.021242e-05   3.709126e-16   2328
  1.074126e-01   9.190718e-15   4.093974e-05   3.769859e-16   1920
  1.075484e-01   8.849033e-15   3.758221e-05   3.490546e-16   1548
  1.076693e-01   1.266573e-14   4.122651e-05   4.180312e-16   2388
  1.078118e-01   1.028976e-14   3.815028e-05   4.028329e-16   2160
  1.079423e-01   9.622188e-15   3.472399e-05   3.823957e-16   1704
  1.080674e-01   8.345121e-15   3.911965e-05   3.391022e-16   1776
  1.081857e-01   8.647247e-15   3.659150e-05   3.439767e-16   1800
  1.083353e-01   7.714825e-15   4.224150e-05   3.053381e-16   1700
  1.084750e-01   1.142765e-14   3.803341e-05   4.364980e-16   2292
  1.086052e-01   1.083588e-14   3.530629e-05   5.051501e-16   1704
  1.087280e-01   1.000631e-14   3.947835e-05   4.465376e-16   1728
  1.088624e-01   7.556565e-15   3.653811e-05   3.729813e-16   1728
  1.089942e-01   9.850004e-15   3.650374e-05   4.133300e-16   1680
  1.091344e-01   6.325927e-15   4.205340e-05   3.141954e-16   1704
  1.092741e-01   6.403696e-15   3.302451e-05   2.482695e-16   1752
  1.093990e-01   1.011214e-14   3.925986e-05   4.949448e-16   1872
  1.095341e-01   9.502046e-15   3.847899e-05   4.920758e-16   1500
  1.096711e-01   7.645270e-15   3.369398e-05   3.318020e-16   1656
  1.098042e-01   8.366606e-15   3.612635e-05   4.474783e-16   1464
  1.099225e-01   5.711763e-15   3.164307e-05   3.453177e-16   1488
  1.100676e-01   7.271162e-15   3.819083e-05   3.432896e-16   1680
  1.102002e-01   7.439835e-15   3.989984e-05   3.447064e-16   1692
  1.103243e-01   9.224748e-15   3.820612e-05   6.613077e-16   1128
  1.104619e-01   6.686963e-15   3.678919e-05   2.887524e-16   1536
  1.105963e-01   5.330134e-15   3.834903e-05   3.143415e-16   1616
  1.107323e-01   5.248339e-15   3.698048e-05   2.186378e-16   1476
  1.108693e-01   5.087304e-15   4.069793e-05   3.197072e-16   1176
  1.109917e-01   5.784309e-15   4.372558e-05   2.453660e-16   1656
  1.111249e-01   6.454251e-15   3.840888e-05   4.980323e-16   891
  1.112623e-01   5.271219e-15   4.094420e-05   2.382805e-16   1596
  1.113961e-01   4.140901e-15   3.570443e-05   2.040739e-16   1422
  1.115281e-01   5.069085e-15   3.423816e-05   2.774416e-16   1254
  1.116523e-01   3.666302e-15   3.497817e-05   1.947099e-16   918
  1.117853e-01   5.503985e-15   3.828150e-05   2.781070e-16   1614
  1.119193e-01   4.252689e-15   3.306808e-05   3.725347e-16   798
  1.120525e-01   3.968182e-15   4.238935e-05   2.245144e-16   1458
  1.121877e-01   3.922839e-15   3.881450e-05   1.650442e-16   1374
  1.123212e-01   3.321946e-15   3.315017e-05   1.663811e-16   984
  1.124536e-01   3.970661e-15   4.561004e-05   2.184780e-16   1062
  1.125886e-01   4.182528e-15   3.866312e-05   1.760513e-16   1246
  1.127196e-01   2.852707e-15   3.585026e-05   1.420057e-16   1072
  1.128596e-01   2.617034e-15   3.882354e-05   1.134801e-16   1110
  1.129889e-01   3.511347e-15   4.205966e-05   1.429337e-16   1254
  1.131249e-01   3.170916e-15   3.991684e-05   1.412609e-16   1032
  1.132730e-01   2.573938e-15   3.698266e-05   1.250860e-16   786
  1.133857e-01   3.198449e-15   3.791521e-05   1.133493e-16   1152
  1.135176e-01   2.830427e-15   4.132380e-05   1.530556e-16   1086
  1.136551e-01   1.882984e-15   3.728329e-05   6.743550e-17   912
  1.137821e-01   3.301340e-15   3.737304e-05   1.594964e-16   1062
  1.139118e-01   2.149027e-15   3.725190e-05   8.772517e-17   912
  1.140616e-01   2.267964e-15   4.158533e-05   1.254272e-16   750
  1.141784e-01   2.965865e-15   4.006777e-05   1.255289e-16   1200
  1.143136e-01   2.285922e-15   3.628452e-05   9.860757e-17   918
  1.144479e-01   2.118948e-15   3.766211e-05   8.017223e-17   876
  1.145845e-01   2.811156e-15   3.290913e-05   1.156780e-16   870
  1.147040e-01   2.104875e-15   3.838327e-05   8.411136e-17   768
  1.148442e-01   1.894994e-15   3.518029e-05   8.234941e-17   830
  1.149739e-01   2.484888e-15   3.642451e-05   1.067730e-16   1080
  1.151083e-01   2.058739e-15   4.098234e-05   9.649703e-17   840
  1.152438e-01   1.833266e-15   3.946149e-05   8.298469e-17   798
  1.153975e-01   2.688933e-15   3.132119e-05   1.153900e-16   792
  1.155166e-01   1.752627e-15   3.653066e-05   8.604516e-17   726
  1.156417e-01   1.416833e-15   4.093464e-05   4.980835e-17   864
  1.157786e-01   2.050217e-15   3.503911e-05   9.394979e-17   900
  1.159175e-01   1.837549e-15   3.894120e-05   8.270772e-17   726
  1.160366e-01   1.824879e-15   3.370192e-05   8.906848e-17   576
  1.161955e-01   2.253647e-15   3.507285e-05   1.037418e-16   840
  1.163073e-01   1.746425e-15   3.640780e-05   7.350854e-17   750
  1.164397e-01   1.468383e-15   3.651836e-05   5.898168e-17   720
  1.165646e-01   1.590108e-15   3.694386e-05   7.029880e-17   702
  1.167105e-01   1.631597e-15   4.034765e-05   6.841396e-17   696
  1.168306e-01   1.645698e-15   3.608340e-05   9.056120e-17   480
  1.169721e-01   1.597014e-15   3.419051e-05   6.917064e-17   830
  1.170974e-01   1.482199e-15   3.977465e-05   6.589000e-17   756
  1.172378e-01   1.454730e-15   3.819066e-05   6.611469e-17   624
  1.173617e-01   1.550198e-15   4.035378e-05   8.919677e-17   582
  1.175081e-01   1.567082e-15   3.097244e-05   6.932489e-17   576
  1.176348e-01   1.292127e-15   4.148222e-05   6.005629e-17   624
  1.177647e-01   1.440273e-15   3.387852e-05   5.730138e-17   702
  1.178933e-01   1.426066e-15   3.896935e-05   7.142105e-17   624
  1.180460e-01   1.444192e-15   3.770023e-05   6.557541e-17   672
  1.181703e-01   1.239354e-15   2.822216e-05   6.760841e-17   342
  1.183070e-01   1.514208e-15   3.528141e-05   7.031928e-17   660
  1.184326e-01   1.104118e-15   3.626776e-05   5.468073e-17   576
  1.185623e-01   1.356862e-15   3.525958e-05   5.772570e-17   600
  1.186934e-01   1.113302e-15   4.078255e-05   5.845954e-17   510
  1.188409e-01   1.324820e-15   3.820714e-05   6.189272e-17   600
  1.189546e-01   1.123516e-15   3.043053e-05   8.635166e-17   216
  1.190871e-01   1.151421e-15   3.703923e-05   4.711933e-17   758
  1.192415e-01   9.708366e-16   4.055009e-05   4.978211e-17   576
  1.193769e-01   1.264324e-15   3.442592e-05   6.185120e-17   528
  1.194990e-01   1.061991e-15   2.370718e-05   6.389200e-17   318
  1.196302e-01   1.189812e-15   4.095435e-05   5.632094e-17   540
  1.197853e-01   8.948395e-16   2.895411e-05   5.348531e-17   384
  1.198904e-01   1.127129e-15   4.000450e-05   5.054605e-17   576
  1.200273e-01   9.838436e-16   3.269109e-05   4.876438e-17   414
  1.201567e-01   1.048053e-15   3.650527e-05   4.297272e-17   504
  1.202949e-01   1.141737e-15   4.007427e-05   6.712218e-17   312
  1.204277e-01   1.046909e-15   3.630778e-05   4.950447e-17   414
  1.205594e-01   7.576136e-16   3.354256e-05   3.831156e-17   432
  1.206820e-01   8.860540e-16   4.442231e-05   4.010376e-17   504
  1.208239e-01   9.548492e-16   4.278367e-05   5.041784e-17   432
  1.209567e-01   1.084094e-15   3.504625e-05   6.040034e-17   354
  1.210920e-01   9.893087e-16   5.099656e-05   6.593500e-17   200
  1.212080e-01   8.970234e-16   3.618371e-05   4.735557e-17   480
  1.213648e-01   8.495000e-16   4.134781e-05   3.783936e-17   552
  1.215086e-01   8.729212e-16   2.575639e-05   4.425485e-17   366
  1.216195e-01   9.652390e-16   2.741897e-05   6.285565e-17   240
  1.217415e-01   9.452749e-16   3.833283e-05   6.773202e-17   288
  1.219132e-01   7.653572e-16   2.634455e-05   3.924299e-17   366
  1.220242e-01   7.479889e-16   4.271284e-05   4.082013e-17   408
  1.221481e-01   8.190385e-16   3.210903e-05   4.621349e-17   360
  1.222763e-01   8.127870e-16   2.993099e-05   4.316966e-17   324
  1.224007e-01   7.509238e-16   3.534945e-05   5.596737e-17   174
  1.225488e-01   6.727716e-16   4.061155e-05   4.182504e-17   264
  1.226878e-01   6.314989e-16   3.703973e-05   3.317130e-17   456
  1.228264e-01   6.722307e-16   3.724489e-05   3.287797e-17   360
  1.229404e-01   7.618394e-16   4.102883e-05   5.652800e-17   270
  1.230799e-01   9.000813e-16   4.487334e-05   6.784885e-17   240
  1.232548e-01   8.436852e-16   3.270054e-05   6.813059e-17   120
  1.233408e-01   5.303099e-16   3.413825e-05   3.093368e-17   320
  1.234795e-01   6.273822e-16   4.224022e-05   2.792698e-17   462
  1.236248e-01   6.074967e-16   2.457565e-05   3.881659e-17   276
  1.237511e-01   7.418173e-16   2.788070e-05   7.290922e-17   144
  1.238727e-01   7.614395e-16   2.928017e-05   8.195097e-17   120
  1.240344e-01   6.247372e-16   2.217280e-05   3.269268e-17   294
  1.241566e-01   6.037712e-16   3.933572e-05   3.227117e-17   384
  1.242706e-01   5.896367e-16   2.603999e-05   4.111396e-17   216
  1.243797e-01   6.665343e-16   2.418253e-05   5.745981e-17   168
  1.245029e-01   7.833472e-16   2.877335e-05   8.023284e-17   102
  1.246812e-01   6.219845e-16   4.365485e-05   4.847693e-17   168
  1.248061e-01   5.781043e-16   3.820850e-05   2.896619e-17   384
  1.249431e-01   6.390254e-16   3.882079e-05   3.830412e-17   300
  1.250705e-01   6.543450e-16   4.156865e-05   5.032873e-17   144
  1.252142e-01   7.720766e-16   4.257218e-05   8.748421e-17   102
  1.253866e-01   7.866821e-16   1.007778e-05   8.456861e-17   56
  1.254692e-01   5.303297e-16   3.281063e-05   3.365818e-17   288
  1.255988e-01   5.001298e-16   4.269882e-05   3.032507e-17   360
  1.257399e-01   7.379566e-16   2.290500e-05   5.793983e-17   126
  1.258587e-01   8.721752e-16   1.128097e-05   1.331093e-16   72
  1.259883e-01   5.915852e-16   5.976675e-06   6.882340e-17   48
  1.261573e-01   5.111745e-16   2.417848e-05   3.471873e-17   240
  1.262684e-01   4.944257e-16   3.587451e-05   3.003005e-17   306
  1.263821e-01   7.152713e-16   1.993824e-05   7.187526e-17   120
  1.265131e-01   6.360359e-16   4.907069e-05   6.091891e-17   96
  1.266083e-01   7.493788e-16   0.000000e+00   1.447223e-16   24
  1.268223e-01   5.170914e-16   4.249397e-05   4.100879e-17   120
  1.269271e-01   4.851751e-16   3.674949e-05   2.947313e-17   318
  1.270553e-01   4.644226e-16   3.927183e-05   3.055129e-17   168
  1.271958e-01   5.271218e-16   4.214307e-05   6.662970e-17   72
  1.273496e-01   7.006178e-16   0.000000e+00   9.834592e-17   24
  1.275151e-01   7.162209e-16   2.045639e-05   1.863267e-16   14
  1.275938e-01   4.952781e-16   3.226430e-05   3.239152e-17   288
  1.277160e-01   5.044575e-16   3.881571e-05   3.538005e-17   204
  1.278571e-01   5.548412e-16   5.889318e-06   6.270328e-17   48
  1.279689e-01   8.420188e-16   0.000000e+00   1.574256e-16   24
  1.280983e-01   2.493523e-15   0.000000e+00   6.044196e-16   6
  1.282843e-01   4.787223e-16   2.412252e-05   3.230480e-17   216
  1.283802e-01   5.048022e-16   3.212459e-05   3.660257e-17   192
  1.284974e-01   3.012452e-16   5.859970e-06   3.829787e-17   48
  1.286204e-01   6.876641e-16   4.682215e-05   6.619718e-17   30
  1.289683e-01   4.256197e-16   9.682361e-06   5.092152e-17   96
  1.290397e-01   4.580040e-16   3.172656e-05   3.011452e-17   228
  1.291754e-01   5.229670e-16   4.148822e-05   6.056355e-17   72
  1.293385e-01   3.820430e-16   1.404895e-09   5.163132e-17   6
  1.297100e-01   3.844898e-16   3.132585e-05   2.570529e-17   248
  1.298286e-01   5.679106e-16   3.585407e-05   5.753847e-17   72
  1.299715e-01   4.166255e-16   0.000000e+00   7.822060e-17   6
  1.304038e-01   4.009879e-16   2.226058e-05   2.820530e-17   180
  1.304900e-01   5.624349e-16   3.028903e-05   6.452532e-17   72
  1.306130e-01   4.241527e-16   0.000000e+00   1.654155e-16   6
  1.310935e-01   3.355169e-16   9.525388e-06   3.273145e-17   96
  1.311510e-01   3.952696e-16   2.615118e-05   3.890261e-17   96
  1.312629e-01   1.474530e-16   0.000000e+00   5.783137e-17   6
  1.318181e-01   3.837773e-16   2.502871e-05   3.047564e-17   140
  1.319209e-01   2.806976e-16   1.404895e-09   1.067259e-16   6
  1.325161e-01   4.738490e-16   1.680790e-05   4.832766e-17   96
  1.325871e-01   2.612988e-16   2.433349e-09   2.254492e-17   6
  1.332160e-01   4.097027e-16   1.011134e-05   4.720436e-17   60
  1.332612e-01   5.910743e-17   0.000000e+00   1.704349e-17   6
  1.339218e-01   3.461377e-16   1.025081e-05   5.177031e-17   38
  1.346254e-01   3.738459e-16   5.273277e-06   8.739638e-17   18
  1.353301e-01   7.477196e-17   0.000000e+00   3.973968e-18   6
