# power spectrum of phi
# redshift z=0.000000
# k              Pk             sigma(k)       sigma(Pk)      count
  1.227185e-03   2.687373e-10   0.000000e+00   9.511605e-11   6
  1.735501e-03   6.383647e-10   0.000000e+00   1.369779e-10   12
  2.125546e-03   4.649711e-10   2.328306e-11   1.278727e-10   8
  2.454369e-03   5.093939e-10   0.000000e+00   1.425285e-10   6
  2.744068e-03   4.598908e-10   0.000000e+00   5.876222e-11   24
  3.005976e-03   4.884462e-10   4.390297e-11   9.335868e-11   24
  3.471002e-03   1.525105e-10   0.000000e+00   3.719370e-11   12
  3.681554e-03   4.776085e-10   4.967054e-11   5.737268e-11   30
  3.880699e-03   3.128930e-10   0.000000e+00   5.407240e-11   24
  4.070111e-03   3.822758e-10   7.604217e-11   7.800010e-11   24
  4.251092e-03   7.974836e-10   4.656613e-11   2.880416e-10   8
  4.424677e-03   3.008635e-10   6.208817e-11   5.671237e-11   24
  4.591704e-03   3.415274e-10   0.000000e+00   3.919457e-11   48
  4.908739e-03   2.501927e-10   0.000000e+00   2.687520e-11   6
  5.059812e-03   4.540936e-10   8.780593e-11   4.848698e-11   48
  5.206503e-03   4.660536e-10   0.000000e+00   6.664420e-11   36
  5.349174e-03   2.472988e-10   6.208817e-11   5.504633e-11   24
  5.488137e-03   3.515415e-10   0.000000e+00   4.777038e-11   24
  5.623666e-03   3.162383e-10   0.000000e+00   3.815928e-11   48
  5.756006e-03   6.190805e-10   8.780593e-11   1.111071e-10   24
  6.011952e-03   3.796157e-10   8.780593e-11   7.459811e-11   24
  6.135923e-03   4.216300e-10   0.000000e+00   6.402864e-11   30
  6.257438e-03   4.305822e-10   0.000000e+00   4.159789e-11   72
  6.376638e-03   4.628006e-10   9.313226e-11   6.578555e-11   32
  6.608591e-03   3.374021e-10   0.000000e+00   5.582830e-11   72
  6.721567e-03   3.615464e-10   0.000000e+00   4.271703e-11   48
  6.942005e-03   1.658029e-10   0.000000e+00   3.388925e-11   12
  7.102647e-03   4.310730e-10   5.300778e-05   4.109754e-11   96
  7.260122e-03   2.751906e-10   8.780593e-11   3.906152e-11   48
  7.363108e-03   3.095902e-10   9.934107e-11   3.995560e-11   30
  7.539824e-03   3.236967e-10   4.338849e-05   2.710309e-11   96
  7.761397e-03   2.731073e-10   0.000000e+00   9.507932e-11   24
  7.889566e-03   3.715578e-10   4.490115e-05   3.125049e-11   144
  8.047188e-03   3.199585e-10   1.520843e-10   5.304114e-11   24
  8.209209e-03   4.191620e-10   3.982973e-05   4.565337e-11   96
  8.323171e-03   3.926596e-10   0.000000e+00   5.421937e-11   48
  8.578924e-03   3.532690e-10   2.953691e-05   3.536756e-11   62
  8.708904e-03   3.091117e-10   4.153612e-05   2.729311e-11   132
  8.849354e-03   3.052234e-10   1.241763e-10   8.439874e-11   24
  8.981976e-03   3.207704e-10   4.151455e-05   2.075923e-11   168
  9.224225e-03   3.607576e-10   4.081595e-05   2.720782e-11   96
  9.406128e-03   2.929414e-10   3.473814e-05   3.243074e-11   96
  9.629329e-03   2.836456e-10   3.872028e-05   2.307107e-11   168
  9.817477e-03   5.851972e-11   0.000000e+00   3.092632e-11   6
  9.893879e-03   2.395275e-10   0.000000e+00   2.665328e-11   96
  9.984744e-03   2.816319e-10   3.009762e-05   1.855986e-11   120
  1.016905e-02   2.494761e-10   3.494872e-05   2.106100e-11   144
  1.026736e-02   2.770765e-10   0.000000e+00   3.110300e-11   48
  1.045419e-02   2.172022e-10   3.566203e-05   2.611909e-11   84
  1.055664e-02   2.664987e-10   2.433349e-10   1.958955e-11   120
  1.064892e-02   2.572946e-10   3.236074e-05   2.753570e-11   80
  1.079173e-02   2.786741e-10   3.285678e-05   2.228409e-11   144
  1.097627e-02   2.334780e-10   0.000000e+00   4.546948e-11   24
  1.106641e-02   3.395977e-10   3.170535e-05   2.681086e-11   150
  1.120704e-02   3.697371e-10   3.289609e-05   2.904768e-11   120
  1.136148e-02   2.909380e-10   2.997786e-05   2.297023e-11   168
  1.151201e-02   2.165691e-10   1.756119e-10   4.042883e-11   24
  1.160672e-02   3.148188e-10   3.229520e-05   1.859632e-11   264
  1.170660e-02   2.558192e-10   1.756119e-10   3.000067e-11   48
  1.187684e-02   2.807079e-10   2.991365e-05   2.149830e-11   144
  1.206555e-02   2.534698e-10   2.944499e-05   2.749150e-11   72
  1.217324e-02   2.638981e-10   3.028788e-05   1.886117e-11   180
  1.232378e-02   2.592799e-10   2.194564e-05   1.821224e-11   198
  1.239396e-02   2.541718e-10   0.000000e+00   3.367963e-11   48
  1.254918e-02   2.708430e-10   2.970404e-05   2.044595e-11   168
  1.266437e-02   2.414348e-10   2.972873e-05   1.822308e-11   144
  1.283863e-02   2.523297e-10   4.177051e-05   1.498751e-11   248
  1.307395e-02   2.634472e-10   2.879738e-05   1.919797e-11   192
  1.323419e-02   2.115534e-10   4.448177e-05   1.346527e-11   240
  1.333064e-02   2.805283e-10   0.000000e+00   3.315811e-11   72
  1.347774e-02   2.571095e-10   2.714468e-05   2.125192e-11   126
  1.357054e-02   2.029090e-10   2.504464e-05   1.624922e-11   168
  1.374773e-02   2.253620e-10   2.738602e-05   1.209123e-11   288
  1.393397e-02   2.853974e-10   1.442369e-05   2.150398e-11   156
  1.403042e-02   2.214517e-10   2.426484e-05   2.079304e-11   168
  1.417669e-02   2.122933e-10   4.159778e-05   1.183841e-11   264
  1.431131e-02   1.801811e-10   0.000000e+00   2.466448e-11   48
  1.441135e-02   1.928531e-10   4.139987e-05   1.551655e-11   264
  1.455475e-02   1.911547e-10   2.440260e-05   1.545833e-11   144
  1.466306e-02   1.878491e-10   4.992651e-05   2.134555e-11   78
  1.482084e-02   2.017838e-10   3.245429e-05   1.187057e-11   336
  1.496962e-02   1.953562e-10   2.469243e-05   1.351315e-11   200
  1.506733e-02   2.443081e-10   4.834811e-05   1.580047e-11   192
  1.519925e-02   2.280908e-10   2.426230e-05   1.692254e-11   240
  1.532043e-02   1.885900e-10   4.862308e-05   1.218268e-11   168
  1.544494e-02   2.163707e-10   3.892902e-05   2.066881e-11   120
  1.559446e-02   1.858714e-10   3.042643e-05   9.334992e-12   324
  1.573955e-02   1.787032e-10   2.392035e-05   1.437914e-11   192
  1.583830e-02   1.785204e-10   4.289983e-05   1.259203e-11   168
  1.600627e-02   1.758928e-10   3.533351e-05   1.006600e-11   342
  1.615772e-02   1.972844e-10   2.845059e-05   1.177251e-11   336
  1.631123e-02   1.716365e-10   2.177217e-05   1.675151e-11   72
  1.641475e-02   2.076487e-10   3.482167e-05   1.073720e-11   288
  1.653492e-02   1.644885e-10   2.267827e-05   8.927619e-12   264
  1.670276e-02   1.686216e-10   2.982752e-05   8.122123e-12   384
  1.685310e-02   1.884318e-10   3.580078e-05   9.700179e-12   240
  1.691557e-02   1.837886e-10   0.000000e+00   2.189024e-11   48
  1.709627e-02   1.683235e-10   2.930528e-05   7.832369e-12   392
  1.723414e-02   1.775759e-10   3.216108e-05   8.869967e-12   294
  1.738238e-02   1.542668e-10   2.090302e-05   9.177853e-12   228
  1.747988e-02   1.926361e-10   3.174430e-05   1.478999e-11   216
  1.760118e-02   1.684360e-10   1.933643e-05   9.601410e-12   336
  1.774967e-02   1.639734e-10   2.297485e-05   8.147927e-12   360
  1.787226e-02   1.615725e-10   3.500383e-05   1.053795e-11   240
  1.799999e-02   1.787168e-10   4.141755e-05   1.382379e-11   168
  1.811913e-02   1.523998e-10   3.260065e-05   8.499504e-12   312
  1.826108e-02   1.843752e-10   2.040262e-05   9.473838e-12   336
  1.841443e-02   1.565092e-10   2.783296e-05   7.505471e-12   294
  1.853004e-02   1.659951e-10   3.709565e-05   8.735213e-12   288
  1.861852e-02   1.313558e-10   2.321198e-05   6.736534e-12   264
  1.877628e-02   1.585032e-10   3.987223e-05   6.831609e-12   480
  1.890819e-02   1.449055e-10   1.950536e-05   8.310035e-12   240
  1.906991e-02   1.432410e-10   1.972335e-05   7.085140e-12   276
  1.919750e-02   1.521359e-10   4.329664e-05   7.138341e-12   488
  1.934908e-02   1.549705e-10   1.906876e-05   9.571519e-12   240
  1.943706e-02   1.471194e-10   3.702663e-05   7.759699e-12   360
  1.956043e-02   1.481074e-10   1.317352e-05   8.837879e-12   198
  1.971909e-02   1.523681e-10   4.451384e-05   6.333897e-12   480
  1.983526e-02   1.356477e-10   1.643028e-05   7.218470e-12   288
  1.999593e-02   1.273899e-10   3.472986e-05   5.716193e-12   480
  2.014040e-02   1.398046e-10   2.139799e-05   5.918818e-12   480
  2.028877e-02   1.446397e-10   2.767474e-05   8.906470e-12   288
  2.038134e-02   1.191542e-10   2.952385e-05   7.290833e-12   288
  2.052694e-02   1.362071e-10   5.132727e-05   6.434569e-12   456
  2.067354e-02   1.308129e-10   4.833832e-05   6.680266e-12   360
  2.076806e-02   1.346759e-10   2.897541e-05   1.033832e-11   180
  2.090485e-02   1.480781e-10   3.155776e-05   6.305817e-12   486
  2.104350e-02   1.279709e-10   4.198197e-05   5.194344e-12   504
  2.118447e-02   1.246144e-10   3.261787e-05   5.948543e-12   456
  2.130135e-02   1.370219e-10   2.709969e-05   7.282239e-12   296
  2.145578e-02   1.233292e-10   2.674110e-05   5.189413e-12   528
  2.157192e-02   1.384033e-10   2.638653e-05   6.799089e-12   336
  2.174298e-02   1.194472e-10   2.926761e-05   4.735589e-12   600
  2.186818e-02   1.172899e-10   1.714653e-05   7.088423e-12   264
  2.199366e-02   1.103283e-10   1.854193e-05   6.652575e-12   360
  2.212173e-02   1.217708e-10   3.712277e-05   4.862913e-12   630
  2.226286e-02   1.106301e-10   1.916243e-05   5.628319e-12   432
  2.238805e-02   1.225128e-10   3.692115e-05   5.941116e-12   408
  2.254172e-02   9.960198e-11   2.450600e-05   5.768218e-12   324
  2.265603e-02   1.134831e-10   3.492404e-05   4.100460e-12   744
  2.279393e-02   1.036362e-10   2.791945e-05   5.143549e-12   336
  2.292567e-02   1.033724e-10   3.838211e-05   4.057028e-12   528
  2.307014e-02   1.047549e-10   1.958372e-05   5.543310e-12   408
  2.316592e-02   9.647960e-11   3.333151e-05   4.343257e-12   408
  2.332419e-02   1.128858e-10   2.751624e-05   5.053176e-12   470
  2.343947e-02   1.128488e-10   3.305591e-05   5.242725e-12   528
  2.360044e-02   1.050400e-10   2.754453e-05   4.157559e-12   624
  2.371901e-02   1.008542e-10   2.095879e-05   4.609646e-12   504
  2.384133e-02   1.031937e-10   2.919404e-05   4.509672e-12   552
  2.396266e-02   9.183182e-11   1.419171e-05   5.244033e-12   336
  2.411459e-02   9.969929e-11   3.020856e-05   4.672741e-12   528
  2.423229e-02   1.137790e-10   3.439301e-05   5.113177e-12   564
  2.437014e-02   1.086084e-10   3.165515e-05   4.651898e-12   528
  2.451959e-02   9.176734e-11   4.914557e-05   3.351003e-12   582
  2.465551e-02   9.593944e-11   3.783467e-05   4.069838e-12   624
  2.477437e-02   9.174613e-11   4.325231e-05   4.337996e-12   432
  2.491619e-02   9.308392e-11   4.811065e-05   3.061508e-12   816
  2.506212e-02   8.767490e-11   2.192667e-05   4.827798e-12   312
  2.515759e-02   9.621499e-11   3.553705e-05   3.968561e-12   552
  2.531153e-02   9.084268e-11   2.238207e-05   3.431674e-12   744
  2.542305e-02   8.984321e-11   2.090941e-05   4.467964e-12   408
  2.556700e-02   8.723337e-11   2.996409e-05   3.328198e-12   632
  2.571654e-02   8.204107e-11   5.088663e-05   2.742961e-12   750
  2.583819e-02   8.373590e-11   3.500622e-05   5.471751e-12   312
  2.597376e-02   8.715187e-11   5.168180e-05   3.002306e-12   876
  2.610784e-02   8.423999e-11   3.374515e-05   3.293796e-12   552
  2.625893e-02   7.260576e-11   2.790711e-05   2.621790e-12   696
  2.636185e-02   7.282558e-11   3.080416e-05   2.989982e-12   576
  2.650191e-02   8.434829e-11   3.261419e-05   3.379458e-12   576
  2.662146e-02   7.615403e-11   4.370312e-05   3.234264e-12   648
  2.676594e-02   8.381560e-11   4.374408e-05   3.247248e-12   672
  2.692544e-02   7.182940e-11   1.855461e-05   3.068216e-12   480
  2.702753e-02   7.910692e-11   2.873406e-05   2.717397e-12   726
  2.715899e-02   7.130379e-11   3.255943e-05   2.330314e-12   792
  2.730137e-02   8.030261e-11   4.516853e-05   3.283164e-12   768
  2.745144e-02   7.513850e-11   3.691452e-05   2.885619e-12   672
  2.758903e-02   7.948366e-11   2.476149e-05   3.262675e-12   608
  2.768863e-02   8.043349e-11   2.377178e-05   3.298701e-12   624
  2.783073e-02   6.610874e-11   3.089122e-05   2.641345e-12   684
  2.796894e-02   7.240470e-11   4.562993e-05   2.586509e-12   768
  2.809757e-02   7.526344e-11   3.648081e-05   3.117594e-12   744
  2.825084e-02   6.967602e-11   2.297049e-05   2.481524e-12   750
  2.836255e-02   7.796667e-11   3.414257e-05   3.358611e-12   600
  2.848335e-02   6.920289e-11   3.625325e-05   3.298525e-12   600
  2.863261e-02   6.791053e-11   4.177962e-05   2.472509e-12   1008
  2.875114e-02   6.771648e-11   2.317242e-05   2.366968e-12   696
  2.888247e-02   7.103166e-11   3.061180e-05   3.152797e-12   624
  2.901451e-02   6.328611e-11   4.763583e-05   2.553800e-12   840
  2.916451e-02   6.954048e-11   3.241234e-05   2.476779e-12   816
  2.928619e-02   6.162761e-11   2.152904e-05   2.262082e-12   744
  2.940906e-02   6.705656e-11   3.805980e-05   3.044729e-12   510
  2.955749e-02   6.641313e-11   3.654053e-05   2.208300e-12   1020
  2.969564e-02   6.763294e-11   2.948459e-05   2.217108e-12   912
  2.983182e-02   6.344585e-11   4.368307e-05   2.337141e-12   752
  2.994442e-02   6.012725e-11   3.624674e-05   2.092851e-12   888
  3.009809e-02   6.578954e-11   2.338988e-05   2.787516e-12   768
  3.022378e-02   6.064389e-11   4.250147e-05   2.410682e-12   720
  3.036843e-02   5.842754e-11   3.746627e-05   1.989406e-12   1056
  3.049674e-02   6.123385e-11   2.592075e-05   3.406268e-12   504
  3.060186e-02   5.415950e-11   4.047577e-05   1.850530e-12   774
  3.075221e-02   6.095703e-11   3.892698e-05   1.892511e-12   1272
  3.089342e-02   5.976501e-11   2.550330e-05   2.153204e-12   744
  3.102509e-02   5.466163e-11   4.164527e-05   2.159832e-12   768
  3.114589e-02   5.345615e-11   3.522647e-05   1.951830e-12   840
  3.128156e-02   5.223603e-11   2.388260e-05   1.768478e-12   924
  3.141219e-02   5.148078e-11   4.210496e-05   1.879007e-12   936
  3.154058e-02   5.398814e-11   2.926136e-05   1.905285e-12   840
  3.166990e-02   4.687206e-11   3.478834e-05   1.510610e-12   1008
  3.183427e-02   4.679421e-11   3.927280e-05   1.733327e-12   696
  3.193739e-02   5.685463e-11   3.490674e-05   2.017185e-12   974
  3.209061e-02   5.219055e-11   4.636022e-05   1.682709e-12   1152
  3.222382e-02   5.372555e-11   1.814088e-05   1.997788e-12   816
  3.232741e-02   5.280899e-11   3.990788e-05   1.975484e-12   816
  3.246678e-02   4.695554e-11   3.524046e-05   1.622038e-12   1152
  3.261377e-02   4.670934e-11   3.172850e-05   1.725618e-12   912
  3.274744e-02   4.451131e-11   3.855012e-05   1.537444e-12   1056
  3.286189e-02   4.595688e-11   3.296725e-05   1.888784e-12   624
  3.301579e-02   4.964431e-11   4.118042e-05   1.450988e-12   1260
  3.314861e-02   4.407081e-11   2.483829e-05   1.544416e-12   894
  3.327835e-02   4.233395e-11   4.255682e-05   1.417108e-12   1176
  3.340814e-02   4.795867e-11   3.522444e-05   1.876500e-12   840
  3.355587e-02   4.541612e-11   4.003771e-05   1.300582e-12   1440
  3.371098e-02   4.255722e-11   2.250943e-05   1.492656e-12   864
  3.382859e-02   4.483505e-11   3.862730e-05   1.481668e-12   1056
  3.394565e-02   4.356255e-11   2.277415e-05   2.085226e-12   624
  3.408783e-02   3.904737e-11   4.217379e-05   1.083841e-12   1496
  3.422378e-02   3.894636e-11   2.977619e-05   1.448168e-12   936
  3.434481e-02   4.039052e-11   4.310655e-05   1.336897e-12   966
  3.447503e-02   4.455090e-11   3.055568e-05   1.712167e-12   936
  3.461182e-02   4.544671e-11   3.779574e-05   1.577551e-12   1248
  3.475188e-02   4.127359e-11   2.664431e-05   1.457611e-12   1044
  3.488237e-02   3.713863e-11   4.127290e-05   1.137821e-12   1392
  3.498573e-02   3.807555e-11   3.178845e-05   1.726137e-12   600
  3.513357e-02   3.750735e-11   3.611502e-05   1.033568e-12   1416
  3.527220e-02   3.751258e-11   3.887342e-05   1.180817e-12   1152
  3.541267e-02   3.658281e-11   3.729294e-05   1.363220e-12   936
  3.552582e-02   3.434403e-11   3.999851e-05   1.196436e-12   870
  3.566028e-02   3.789606e-11   3.353715e-05   1.287289e-12   1368
  3.580949e-02   3.783112e-11   4.409260e-05   1.121473e-12   1632
  3.593700e-02   4.045690e-11   1.914254e-05   1.683517e-12   816
  3.607503e-02   3.635659e-11   4.367187e-05   1.247653e-12   1200
  3.619546e-02   3.598806e-11   4.175546e-05   1.249812e-12   1184
  3.631779e-02   3.367102e-11   3.168966e-05   1.211932e-12   984
  3.646789e-02   3.362439e-11   3.868983e-05   1.017649e-12   1572
  3.660397e-02   3.850877e-11   2.130716e-05   1.494922e-12   840
  3.673077e-02   3.312801e-11   4.955064e-05   9.709090e-13   1392
  3.686466e-02   3.548284e-11   3.638005e-05   1.317822e-12   1158
  3.698417e-02   3.706445e-11   3.312685e-05   1.133381e-12   1272
  3.712806e-02   3.496282e-11   3.375923e-05   1.104985e-12   1320
  3.726321e-02   3.359864e-11   3.303302e-05   1.123023e-12   1104
  3.739181e-02   3.290464e-11   3.738876e-05   9.834609e-13   1392
  3.752678e-02   3.271003e-11   4.043971e-05   1.109422e-12   1296
  3.766578e-02   3.114292e-11   4.222573e-05   9.559028e-13   1392
  3.779622e-02   3.075237e-11   3.097595e-05   1.129120e-12   1104
  3.791690e-02   3.250551e-11   3.901717e-05   1.006466e-12   1320
  3.808878e-02   3.134376e-11   2.979684e-05   9.851137e-13   1422
  3.819858e-02   3.609581e-11   3.711029e-05   1.303138e-12   1212
  3.832470e-02   3.116019e-11   4.055152e-05   1.054548e-12   1280
  3.845427e-02   3.044629e-11   4.222518e-05   1.004658e-12   1272
  3.857844e-02   2.988776e-11   3.654171e-05   8.741929e-13   1680
  3.872563e-02   2.637575e-11   3.452513e-05   9.104950e-13   1152
  3.886113e-02   2.919021e-11   3.998131e-05   1.000425e-12   1512
  3.900358e-02   2.744190e-11   1.687995e-05   9.702528e-13   912
  3.911619e-02   2.450499e-11   4.255090e-05   6.926067e-13   1680
  3.926595e-02   2.931694e-11   3.769509e-05   8.965082e-13   1518
  3.937695e-02   2.892021e-11   3.489849e-05   1.024214e-12   1056
  3.949387e-02   2.743385e-11   3.523783e-05   9.030566e-13   1344
  3.964502e-02   3.074376e-11   3.783773e-05   8.697973e-13   1680
  3.978177e-02   2.628321e-11   3.728516e-05   7.931535e-13   1656
  3.993121e-02   2.689559e-11   3.169297e-05   9.781496e-13   1140
  4.004339e-02   2.561480e-11   3.669805e-05   9.578185e-13   1368
  4.017539e-02   2.557718e-11   4.174425e-05   7.389557e-13   1656
  4.030957e-02   2.687815e-11   4.275507e-05   8.721231e-13   1448
  4.045563e-02   2.419940e-11   4.016557e-05   8.603138e-13   1422
  4.059052e-02   2.598167e-11   4.434116e-05   8.122707e-13   1512
  4.070589e-02   2.473944e-11   3.380440e-05   7.581388e-13   1296
  4.083937e-02   2.688470e-11   3.086564e-05   7.363850e-13   1824
  4.098368e-02   2.707908e-11   4.002195e-05   8.997967e-13   1464
  4.112946e-02   2.403522e-11   3.571385e-05   6.807189e-13   1824
  4.126475e-02   2.495266e-11   2.839432e-05   8.011019e-13   1416
  4.138246e-02   2.285805e-11   4.159004e-05   7.908090e-13   1392
  4.150951e-02   2.373258e-11   3.837865e-05   7.335216e-13   1464
  4.166454e-02   2.432724e-11   3.752108e-05   7.489485e-13   1524
  4.178433e-02   2.278365e-11   3.457629e-05   7.787881e-13   1686
  4.192278e-02   2.356159e-11   4.116995e-05   7.396015e-13   1800
  4.204178e-02   2.520991e-11   3.268502e-05   9.865039e-13   1344
  4.217379e-02   2.206584e-11   3.813348e-05   7.008047e-13   1656
  4.230615e-02   2.382790e-11   3.044765e-05   8.287607e-13   1488
  4.242115e-02   2.387756e-11   3.039807e-05   7.865867e-13   1536
  4.258138e-02   1.976548e-11   3.376880e-05   5.957091e-13   1760
  4.270554e-02   1.904506e-11   3.756121e-05   5.978912e-13   1824
  4.284911e-02   2.003596e-11   3.152085e-05   6.598565e-13   1560
  4.298726e-02   2.239861e-11   3.620465e-05   6.901106e-13   1926
  4.311718e-02   2.121254e-11   2.574627e-05   6.957071e-13   1272
  4.323578e-02   2.234821e-11   4.326657e-05   7.246727e-13   1848
  4.339166e-02   1.985966e-11   3.495567e-05   6.252067e-13   1908
  4.351023e-02   2.249335e-11   3.409464e-05   7.459667e-13   1488
  4.363533e-02   1.820690e-11   3.845143e-05   5.456745e-13   1800
  4.377096e-02   1.951500e-11   3.848934e-05   6.029118e-13   1752
  4.390086e-02   2.048259e-11   4.092726e-05   7.228770e-13   1368
  4.403087e-02   1.721511e-11   3.846377e-05   4.893275e-13   2016
  4.417385e-02   1.932235e-11   4.062719e-05   6.525323e-13   1542
  4.430581e-02   2.065108e-11   3.978500e-05   6.293199e-13   2184
  4.445188e-02   2.151003e-11   3.639425e-05   6.842831e-13   1776
  4.457806e-02   2.100353e-11   4.160412e-05   7.560952e-13   1568
  4.469833e-02   1.762952e-11   3.801003e-05   5.512352e-13   2040
  4.482920e-02   1.865327e-11   4.063611e-05   5.355268e-13   1704
  4.496619e-02   1.967608e-11   4.073474e-05   7.148437e-13   1512
  4.509536e-02   1.638979e-11   3.474685e-05   4.672315e-13   2028
  4.524048e-02   1.740473e-11   4.191363e-05   5.033352e-13   1968
  4.537317e-02   1.854272e-11   4.251511e-05   6.427084e-13   1854
  4.550302e-02   1.891315e-11   4.052999e-05   6.649530e-13   1632
  4.563608e-02   1.792326e-11   4.164804e-05   5.646546e-13   2424
  4.577401e-02   1.790221e-11   4.169136e-05   5.929950e-13   1560
  4.589060e-02   1.789014e-11   3.939829e-05   6.100374e-13   1728
  4.603149e-02   1.773906e-11   4.205586e-05   5.501148e-13   2088
  4.617330e-02   1.755195e-11   4.003268e-05   5.704662e-13   1968
  4.630374e-02   1.508841e-11   3.963620e-05   4.513176e-13   2256
  4.643455e-02   1.733483e-11   3.524097e-05   5.765761e-13   1728
  4.657111e-02   1.641268e-11   3.474008e-05   5.734388e-13   1416
  4.669209e-02   1.720979e-11   3.662300e-05   4.891030e-13   2246
  4.682906e-02   1.794951e-11   4.055957e-05   5.866129e-13   2148
  4.696011e-02   1.626496e-11   3.426081e-05   5.584649e-13   1680
  4.708345e-02   1.737545e-11   4.331283e-05   6.016415e-13   2280
  4.723171e-02   1.513637e-11   4.033380e-05   4.552292e-13   2352
  4.737018e-02   1.533838e-11   3.389045e-05   5.453970e-13   1632
  4.747973e-02   1.662630e-11   3.877968e-05   5.900413e-13   1968
  4.763007e-02   1.403984e-11   3.978797e-05   4.590277e-13   2112
  4.776947e-02   1.406146e-11   2.988778e-05   3.829246e-13   2208
  4.790493e-02   1.630799e-11   3.013587e-05   6.143167e-13   1974
  4.801184e-02   1.710512e-11   2.948107e-05   5.696179e-13   1944
  4.815628e-02   1.519830e-11   3.335444e-05   5.078378e-13   2160
  4.828147e-02   1.452245e-11   3.119393e-05   4.936485e-13   2040
  4.841676e-02   1.526400e-11   4.364102e-05   4.815937e-13   2352
  4.855552e-02   1.466663e-11   3.625519e-05   4.910535e-13   1836
  4.868217e-02   1.411636e-11   3.867534e-05   4.409719e-13   2352
  4.882436e-02   1.321646e-11   4.056520e-05   4.612338e-13   2008
  4.895471e-02   1.460135e-11   3.990633e-05   3.892919e-13   2464
  4.910006e-02   1.377214e-11   3.218620e-05   4.539724e-13   2118
  4.921928e-02   1.346927e-11   3.235521e-05   5.243378e-13   1848
  4.934199e-02   1.590216e-11   4.281651e-05   5.475728e-13   2280
  4.949021e-02   1.467629e-11   4.072874e-05   4.693605e-13   2472
  4.962871e-02   1.290547e-11   2.721777e-05   3.930176e-13   2280
  4.974498e-02   1.338312e-11   3.326914e-05   4.300310e-13   1992
  4.987037e-02   1.333880e-11   3.497611e-05   4.566392e-13   2184
  5.001496e-02   1.218491e-11   4.219327e-05   3.501211e-13   2352
  5.015428e-02   1.229610e-11   4.446417e-05   3.428309e-13   2496
  5.029070e-02   1.292629e-11   4.153005e-05   4.709480e-13   1770
  5.041307e-02   1.363479e-11   3.583387e-05   4.460283e-13   2568
  5.056016e-02   1.320824e-11   4.395171e-05   4.559289e-13   2712
  5.069387e-02   1.350603e-11   3.490401e-05   4.296179e-13   2448
  5.082739e-02   1.294013e-11   2.942229e-05   5.069779e-13   2064
  5.093815e-02   1.295768e-11   3.105589e-05   4.389251e-13   1944
  5.108176e-02   1.271432e-11   3.836543e-05   4.024159e-13   2480
  5.122827e-02   1.158739e-11   4.167612e-05   3.233873e-13   2880
  5.135803e-02   1.101006e-11   3.997838e-05   3.460385e-13   2304
  5.149357e-02   1.124970e-11   3.673025e-05   3.606623e-13   1806
  5.161376e-02   1.341826e-11   3.602117e-05   4.442301e-13   2856
  5.176436e-02   1.351682e-11   3.454539e-05   4.110117e-13   2568
  5.187898e-02   1.239480e-11   3.465861e-05   4.651726e-13   2112
  5.200371e-02   1.290866e-11   3.338235e-05   4.441503e-13   2028
  5.213754e-02   1.161547e-11   3.951487e-05   3.740078e-13   2712
  5.227342e-02   1.122691e-11   4.257104e-05   3.235018e-13   2952
  5.241946e-02   1.051817e-11   3.289335e-05   3.864187e-13   2112
  5.253752e-02   1.008853e-11   3.854933e-05   2.994228e-13   2520
  5.267934e-02   1.012496e-11   3.718159e-05   3.205049e-13   2376
  5.280850e-02   1.223408e-11   2.980600e-05   4.016180e-13   2526
  5.294258e-02   1.275555e-11   3.709278e-05   4.279090e-13   2664
  5.307533e-02   1.188117e-11   4.424111e-05   4.232786e-13   2408
  5.320257e-02   1.089109e-11   3.543885e-05   3.753362e-13   2568
  5.333234e-02   1.067807e-11   3.341247e-05   3.198877e-13   2904
  5.347313e-02   1.079168e-11   3.748974e-05   3.691062e-13   2544
  5.360688e-02   1.001402e-11   2.761377e-05   3.528781e-13   2160
  5.373309e-02   1.091046e-11   4.774103e-05   3.534995e-13   2652
  5.387251e-02   8.890077e-12   3.780107e-05   2.438313e-13   2784
  5.400667e-02   1.184053e-11   3.732966e-05   4.059269e-13   2694
  5.414568e-02   1.047829e-11   3.354893e-05   3.437965e-13   2952
  5.426646e-02   1.092457e-11   3.177694e-05   4.500508e-13   2208
  5.438951e-02   1.231845e-11   3.386795e-05   4.491005e-13   2304
  5.452686e-02   1.079354e-11   4.404153e-05   3.447870e-13   3504
  5.468704e-02   1.088608e-11   3.566199e-05   4.256267e-13   2616
  5.481197e-02   9.064308e-12   3.483888e-05   2.804521e-13   2664
  5.493231e-02   1.010407e-11   3.236837e-05   3.645349e-13   2448
  5.505358e-02   9.585327e-12   4.507847e-05   3.067009e-13   2472
  5.519625e-02   9.290857e-12   3.583995e-05   2.932816e-13   3134
  5.533052e-02   1.108569e-11   3.919837e-05   4.331595e-13   2616
  5.546459e-02   1.007019e-11   3.175220e-05   3.382249e-13   2712
  5.560251e-02   1.055506e-11   3.641518e-05   3.491683e-13   3204
  5.573433e-02   1.068419e-11   4.193935e-05   3.649264e-13   2760
  5.585952e-02   9.259767e-12   3.659141e-05   3.168075e-13   2688
  5.599758e-02   9.989699e-12   3.459706e-05   3.161131e-13   2760
  5.611966e-02   8.697453e-12   2.856735e-05   3.070449e-13   2568
  5.626024e-02   8.871482e-12   4.436368e-05   2.702777e-13   3336
  5.639518e-02   9.271601e-12   3.754899e-05   3.239441e-13   2334
  5.653143e-02   1.073407e-11   4.155200e-05   3.940993e-13   3264
  5.665877e-02   1.076599e-11   3.021147e-05   3.934609e-13   2760
  5.678936e-02   9.478547e-12   3.648690e-05   2.815922e-13   3192
  5.692232e-02   8.989980e-12   3.788121e-05   3.088224e-13   2904
  5.706373e-02   8.347100e-12   3.800855e-05   2.451398e-13   2784
  5.718210e-02   9.586671e-12   3.128174e-05   3.207349e-13   2592
  5.731676e-02   8.221864e-12   4.264148e-05   2.692702e-13   3284
  5.745986e-02   8.573268e-12   4.283141e-05   2.764544e-13   3168
  5.758789e-02   8.752572e-12   3.533898e-05   3.206433e-13   2616
  5.772248e-02   9.891441e-12   3.414619e-05   3.729867e-13   3222
  5.785340e-02   1.050660e-11   3.831309e-05   3.592273e-13   3240
  5.798019e-02   1.061011e-11   3.875986e-05   4.097706e-13   2568
  5.812433e-02   9.047024e-12   3.556408e-05   3.255975e-13   3120
  5.824485e-02   8.167801e-12   3.909746e-05   2.942899e-13   3168
  5.837447e-02   8.144097e-12   3.422686e-05   2.770381e-13   3240
  5.851627e-02   8.287883e-12   3.511591e-05   2.727074e-13   3144
  5.865403e-02   8.782538e-12   3.347158e-05   3.289174e-13   2856
  5.878423e-02   7.967882e-12   3.574899e-05   2.705046e-13   3264
  5.893157e-02   8.617527e-12   3.950103e-05   3.189052e-13   3318
  5.904752e-02   1.039745e-11   2.766430e-05   4.442331e-13   2556
  5.918571e-02   8.984228e-12   4.725572e-05   2.989378e-13   4008
  5.932562e-02   9.230609e-12   3.488298e-05   3.833799e-13   2904
  5.944532e-02   7.827271e-12   3.566907e-05   2.850816e-13   3144
  5.958157e-02   9.458413e-12   3.718536e-05   3.311632e-13   3200
  5.972258e-02   7.370814e-12   3.667377e-05   2.541363e-13   3312
  5.984899e-02   8.023240e-12   2.955743e-05   2.985795e-13   2832
  5.999012e-02   7.337499e-12   4.253499e-05   2.214366e-13   3984
  6.012116e-02   8.207660e-12   3.457893e-05   4.020135e-13   2238
  6.024079e-02   8.566729e-12   4.069346e-05   2.733568e-13   3984
  6.038921e-02   8.602241e-12   3.867091e-05   3.004863e-13   3384
  6.051252e-02   8.857251e-12   3.614685e-05   3.310221e-13   3048
  6.064126e-02   7.832215e-12   3.318986e-05   3.153168e-13   3096
  6.077574e-02   7.372019e-12   3.761972e-05   2.334955e-13   3708
  6.090944e-02   7.488055e-12   3.565839e-05   2.950406e-13   2784
  6.103364e-02   6.910744e-12   3.703806e-05   2.128072e-13   3648
  6.117471e-02   6.591296e-12   3.812015e-05   1.968827e-13   3888
  6.132486e-02   6.549657e-12   4.069438e-05   2.256876e-13   2958
  6.143695e-02   1.002476e-11   3.473644e-05   4.180653e-13   3264
  6.157204e-02   8.524924e-12   3.834804e-05   3.226724e-13   3160
  6.169966e-02   7.779818e-12   3.475433e-05   2.685423e-13   3736
  6.182061e-02   7.657733e-12   3.166933e-05   3.073875e-13   3216
  6.196326e-02   7.696276e-12   3.880906e-05   2.502383e-13   4032
  6.211204e-02   7.250998e-12   3.543197e-05   2.563509e-13   3528
  6.223889e-02   6.888673e-12   3.127631e-05   2.373481e-13   3192
  6.236570e-02   6.428413e-12   3.425312e-05   2.162634e-13   3456
  6.250326e-02   6.506065e-12   3.551688e-05   2.643197e-13   3060
  6.264115e-02   7.155700e-12   4.223365e-05   2.339408e-13   4518
  6.277551e-02   7.846910e-12   3.762471e-05   3.716555e-13   3528
  6.289901e-02   9.350743e-12   3.159819e-05   3.835256e-13   3024
  6.303069e-02   6.682603e-12   4.278269e-05   2.294456e-13   3672
  6.316482e-02   7.915518e-12   3.672054e-05   2.805785e-13   3864
  6.331374e-02   7.044205e-12   3.892327e-05   2.484540e-13   3816
  6.343553e-02   6.084639e-12   3.541157e-05   2.100197e-13   3456
  6.355230e-02   6.697697e-12   3.205550e-05   2.702558e-13   2688
  6.368987e-02   5.265712e-12   3.803324e-05   1.571706e-13   4248
  6.382626e-02   7.624599e-12   3.642856e-05   2.787060e-13   3926
  6.396326e-02   7.847353e-12   3.846230e-05   3.008348e-13   3504
  6.409559e-02   8.240309e-12   3.438587e-05   3.121646e-13   3960
  6.424171e-02   7.534183e-12   3.871047e-05   3.133273e-13   3684
  6.436702e-02   6.370620e-12   3.870788e-05   2.148581e-13   4104
  6.449230e-02   6.279193e-12   3.671229e-05   2.311471e-13   3144
  6.462689e-02   6.662361e-12   4.021260e-05   2.147353e-13   4224
  6.477486e-02   5.607270e-12   3.569217e-05   1.843265e-13   4008
  6.490128e-02   5.842523e-12   3.926704e-05   1.810916e-13   3312
  6.503145e-02   7.230546e-12   3.905555e-05   2.917717e-13   3726
  6.516990e-02   6.504265e-12   4.011484e-05   2.402142e-13   3936
  6.529284e-02   7.828184e-12   4.135051e-05   2.768920e-13   3888
  6.542042e-02   6.318468e-12   3.910087e-05   2.408917e-13   3864
  6.555315e-02   7.670096e-12   4.156752e-05   3.094400e-13   3888
  6.568988e-02   5.705031e-12   3.920457e-05   1.986069e-13   4080
  6.582485e-02   7.132364e-12   4.160798e-05   2.861784e-13   3400
  6.596257e-02   5.072072e-12   3.815872e-05   1.688476e-13   4588
  6.610181e-02   5.422256e-12   3.776925e-05   1.818578e-13   3816
  6.622350e-02   5.829187e-12   3.578953e-05   2.333575e-13   3534
  6.635233e-02   7.416592e-12   3.535050e-05   2.842176e-13   4080
  6.648709e-02   7.418110e-12   3.695128e-05   2.633599e-13   4248
  6.662243e-02   7.382284e-12   3.723567e-05   3.424902e-13   3528
  6.674732e-02   6.272098e-12   3.806838e-05   2.393903e-13   4248
  6.687355e-02   6.745737e-12   3.723470e-05   2.535811e-13   3696
  6.701412e-02   5.950988e-12   3.863623e-05   2.059477e-13   4560
  6.714744e-02   6.039542e-12   3.618932e-05   2.146550e-13   3864
  6.728435e-02   5.149173e-12   3.940462e-05   1.775825e-13   4440
  6.741412e-02   5.813485e-12   3.676544e-05   2.291677e-13   3432
  6.755047e-02   7.006685e-12   3.604928e-05   2.584690e-13   4470
  6.768460e-02   6.878814e-12   3.203583e-05   2.467303e-13   4188
  6.781644e-02   6.386867e-12   4.104240e-05   2.832623e-13   4392
  6.794739e-02   6.969640e-12   3.175020e-05   2.499546e-13   3960
  6.808355e-02   5.924604e-12   3.586848e-05   2.087199e-13   4328
  6.821546e-02   5.470028e-12   3.732846e-05   2.043728e-13   4320
  6.834877e-02   5.305099e-12   3.903394e-05   1.726022e-13   4152
  6.847240e-02   5.381059e-12   3.265248e-05   1.938610e-13   3528
  6.861221e-02   5.057178e-12   3.534132e-05   1.945435e-13   4512
  6.874300e-02   6.443188e-12   3.612753e-05   2.885748e-13   4134
  6.887586e-02   6.694342e-12   3.848793e-05   2.340264e-13   5208
  6.900363e-02   6.867953e-12   3.353238e-05   3.100623e-13   3240
  6.913582e-02   6.368881e-12   3.698469e-05   2.373854e-13   4680
  6.927036e-02   6.124225e-12   3.661784e-05   2.389722e-13   4440
  6.940506e-02   5.933935e-12   4.149396e-05   2.242284e-13   4260
  6.953425e-02   4.843134e-12   3.387580e-05   2.020406e-13   4056
  6.966730e-02   4.694107e-12   3.755725e-05   1.759483e-13   4704
  6.980695e-02   4.850616e-12   4.370427e-05   1.628158e-13   4800
  6.995457e-02   5.852809e-12   3.786638e-05   2.309230e-13   4806
  7.008213e-02   8.502242e-12   3.774676e-05   3.538209e-13   3552
  7.020363e-02   5.441444e-12   3.784797e-05   2.361510e-13   4304
  7.034080e-02   5.860332e-12   3.670398e-05   2.042631e-13   5280
  7.047644e-02   5.423428e-12   3.521125e-05   2.336443e-13   4320
  7.060484e-02   5.929199e-12   3.976273e-05   2.173493e-13   4296
  7.074023e-02   4.613863e-12   4.420626e-05   1.855353e-13   4608
  7.087716e-02   4.961317e-12   4.235197e-05   1.683757e-13   4824
  7.101273e-02   4.288919e-12   3.998326e-05   1.543549e-13   4488
  7.115820e-02   5.183554e-12   3.732867e-05   1.974632e-13   4530
  7.127832e-02   6.756233e-12   3.644837e-05   2.824292e-13   4464
  7.139852e-02   6.008545e-12   3.434989e-05   2.490073e-13   4104
  7.153651e-02   6.252310e-12   3.703635e-05   2.356708e-13   5424
  7.167225e-02   5.852193e-12   3.986736e-05   2.467225e-13   4392
  7.181039e-02   5.451014e-12   3.903176e-05   2.104758e-13   4896
  7.193584e-02   4.740740e-12   3.825910e-05   1.912313e-13   4104
  7.206673e-02   5.292272e-12   3.449962e-05   1.950607e-13   4824
  7.220484e-02   3.915258e-12   3.297356e-05   1.509559e-13   4680
  7.232516e-02   4.387608e-12   3.372473e-05   1.686903e-13   4328
  7.246482e-02   5.863464e-12   3.887589e-05   2.292683e-13   5118
  7.260515e-02   5.692878e-12   4.504019e-05   2.128978e-13   5304
  7.273179e-02   6.856958e-12   3.546706e-05   2.738945e-13   4392
  7.286977e-02   5.154009e-12   3.559785e-05   2.083991e-13   4476
  7.299043e-02   5.430001e-12   3.535289e-05   2.345923e-13   4704
  7.312469e-02   4.922420e-12   4.279045e-05   1.950025e-13   5208
  7.326580e-02   4.223868e-12   3.607952e-05   1.451697e-13   5304
  7.339582e-02   4.316959e-12   3.864618e-05   1.696411e-13   4296
  7.352915e-02   4.044649e-12   3.664656e-05   1.360931e-13   4752
  7.366924e-02   5.402870e-12   3.678717e-05   2.174331e-13   4950
  7.379514e-02   5.903161e-12   3.845248e-05   2.437635e-13   5064
  7.392107e-02   5.634722e-12   3.221819e-05   2.161524e-13   4872
  7.404842e-02   4.833705e-12   3.391693e-05   2.093803e-13   4224
  7.418439e-02   5.166693e-12   3.746550e-05   1.926610e-13   6120
  7.432909e-02   4.732321e-12   4.121682e-05   1.825415e-13   4968
  7.446035e-02   5.024541e-12   3.647330e-05   1.981101e-13   4424
  7.459615e-02   4.128066e-12   4.658690e-05   1.533657e-13   5436
  7.473029e-02   3.793676e-12   3.971942e-05   1.245856e-13   4896
  7.485997e-02   4.773279e-12   3.802700e-05   2.165128e-13   5214
  7.498497e-02   6.308967e-12   3.232495e-05   2.588573e-13   4656
  7.512388e-02   5.595217e-12   4.109854e-05   2.143605e-13   5448
  7.525660e-02   5.000596e-12   3.471075e-05   2.240859e-13   4992
  7.538656e-02   5.383655e-12   3.841518e-05   1.989504e-13   5400
  7.552941e-02   4.777599e-12   4.257591e-05   2.014644e-13   5328
  7.566104e-02   4.670064e-12   3.807067e-05   1.890717e-13   4776
  7.578488e-02   3.428729e-12   3.577370e-05   1.459551e-13   4800
  7.592245e-02   4.064230e-12   4.600314e-05   1.387376e-13   6552
  7.606640e-02   4.879652e-12   3.475474e-05   2.060708e-13   3942
  7.619113e-02   5.639623e-12   4.380440e-05   2.231024e-13   6072
  7.632925e-02   6.449639e-12   3.402011e-05   2.616497e-13   4692
  7.644505e-02   4.629160e-12   3.551646e-05   1.954219e-13   4944
  7.658069e-02   4.671954e-12   3.812010e-05   1.713644e-13   5840
  7.671996e-02   4.222341e-12   4.080599e-05   1.568019e-13   5712
  7.685708e-02   4.549437e-12   3.419805e-05   1.768047e-13   4800
  7.698216e-02   3.991791e-12   4.529027e-05   1.535123e-13   5688
  7.711918e-02   4.265894e-12   3.573308e-05   1.842208e-13   4848
  7.725496e-02   2.866858e-12   3.977304e-05   1.139724e-13   5406
  7.738383e-02   1.017596e-13   3.590161e-05   1.615284e-15   5568
  7.751323e-02   9.363188e-14   3.227314e-05   1.499902e-15   5736
  7.765307e-02   9.923706e-14   4.008117e-05   1.557105e-15   5280
  7.777996e-02   9.389410e-14   3.705797e-05   1.494240e-15   5592
  7.791058e-02   9.950047e-14   4.242156e-05   1.721671e-15   4968
  7.804868e-02   9.816084e-14   3.803660e-05   1.514698e-15   5964
  7.818341e-02   9.189671e-14   3.821335e-05   1.485271e-15   5376
  7.830583e-02   8.927069e-14   3.689734e-05   1.422454e-15   5472
  7.844775e-02   9.511807e-14   3.504188e-05   1.551552e-15   5472
  7.857753e-02   9.503918e-14   3.984147e-05   1.554494e-15   5415
  7.870330e-02   9.860109e-14   3.504539e-05   1.656365e-15   5096
  7.883937e-02   9.228376e-14   4.506749e-05   1.402419e-15   6372
  7.897702e-02   9.550020e-14   3.658375e-05   1.781142e-15   4656
  7.910037e-02   9.388559e-14   3.993774e-05   1.475385e-15   5844
  7.923310e-02   9.527766e-14   3.511455e-05   1.534065e-15   5508
  7.937377e-02   9.105286e-14   3.983446e-05   1.425386e-15   6324
  7.951180e-02   8.922444e-14   3.421785e-05   1.594744e-15   4752
  7.963796e-02   9.188471e-14   3.830973e-05   1.553124e-15   5676
  7.977453e-02   8.958438e-14   3.504605e-05   1.468011e-15   5472
  7.990415e-02   9.124804e-14   3.953096e-05   1.476800e-15   5556
  8.004340e-02   9.248218e-14   3.852216e-05   1.463844e-15   5436
  8.017780e-02   8.558769e-14   3.943011e-05   1.335709e-15   5916
  8.031582e-02   8.939674e-14   4.102467e-05   1.508441e-15   5520
  8.044009e-02   8.677950e-14   3.731001e-05   1.464445e-15   5280
  8.056742e-02   8.851019e-14   3.666043e-05   1.606860e-15   4416
  8.071109e-02   8.524284e-14   3.573496e-05   1.298983e-15   6260
  8.084604e-02   8.509673e-14   4.249323e-05   1.389991e-15   5940
  8.096828e-02   8.315314e-14   3.327914e-05   1.560515e-15   4188
  8.110286e-02   8.005060e-14   4.255021e-05   1.307407e-15   6360
  8.124436e-02   8.257849e-14   3.795299e-05   1.439923e-15   5256
  8.137578e-02   8.643357e-14   3.587809e-05   1.548021e-15   4848
  8.148839e-02   8.244561e-14   3.252535e-05   1.510227e-15   4704
  8.162701e-02   8.373615e-14   3.990014e-05   1.427222e-15   5784
  8.176804e-02   7.876148e-14   4.221896e-05   1.282990e-15   5820
  8.190417e-02   7.922044e-14   3.781915e-05   1.363236e-15   5700
  8.204111e-02   8.057674e-14   3.507203e-05   1.344777e-15   5232
  8.217823e-02   7.683185e-14   3.891543e-05   1.350273e-15   4932
  8.229969e-02   7.257382e-14   3.349601e-05   1.346683e-15   4716
  8.242731e-02   7.723786e-14   4.266671e-05   1.243401e-15   5616
  8.255863e-02   7.715005e-14   3.768096e-05   1.255062e-15   5184
  8.269408e-02   7.479190e-14   3.801084e-05   1.361496e-15   5064
  8.282182e-02   7.118090e-14   3.892127e-05   1.222717e-15   5544
  8.296349e-02   7.301635e-14   3.907038e-05   1.237725e-15   5192
  8.309238e-02   7.182347e-14   3.511083e-05   1.292855e-15   5244
  8.322792e-02   7.103866e-14   3.799032e-05   1.261502e-15   5112
  8.336265e-02   6.845529e-14   3.486356e-05   1.178990e-15   5040
  8.348630e-02   7.062714e-14   3.665263e-05   1.190606e-15   5124
  8.363071e-02   7.021175e-14   4.114750e-05   1.167577e-15   5952
  8.376399e-02   6.918345e-14   3.605357e-05   1.213588e-15   4824
  8.388483e-02   6.821311e-14   3.639157e-05   1.215781e-15   4536
  8.402470e-02   6.765055e-14   3.868091e-05   1.090608e-15   5712
  8.416837e-02   7.226189e-14   4.232747e-05   1.272668e-15   5352
  8.430385e-02   6.396268e-14   3.686879e-05   1.117518e-15   5004
  8.442490e-02   6.332200e-14   3.687883e-05   1.145007e-15   4800
  8.455498e-02   6.861420e-14   3.963132e-05   1.172645e-15   5148
  8.469909e-02   6.275527e-14   4.116226e-05   1.004284e-15   5664
  8.482931e-02   6.058608e-14   3.696967e-05   1.111676e-15   4692
  8.494963e-02   6.549670e-14   3.434528e-05   1.245345e-15   4008
  8.508995e-02   6.206445e-14   3.936712e-05   1.002410e-15   5852
  8.523261e-02   6.157237e-14   3.727699e-05   1.003632e-15   5784
  8.535931e-02   5.951274e-14   3.436290e-05   1.170216e-15   4392
  8.548973e-02   5.907330e-14   3.370672e-05   1.027688e-15   4944
  8.562664e-02   6.026851e-14   3.973966e-05   1.129120e-15   4776
  8.575576e-02   5.747569e-14   3.823172e-05   1.005482e-15   5244
  8.589589e-02   5.607380e-14   3.816428e-05   9.826320e-16   4884
  8.601347e-02   5.412009e-14   3.236627e-05   9.382908e-16   4488
  8.615020e-02   5.703624e-14   3.845967e-05   1.006498e-15   5160
  8.628788e-02   6.251133e-14   3.915732e-05   1.104073e-15   5316
  8.642050e-02   5.301439e-14   3.959078e-05   9.603231e-16   4896
  8.654979e-02   6.002971e-14   3.678676e-05   1.124094e-15   4188
  8.668008e-02   5.048107e-14   4.012439e-05   9.136992e-16   4836
  8.681312e-02   5.813856e-14   3.980375e-05   9.862164e-16   5316
  8.694788e-02   4.968096e-14   3.684320e-05   8.417726e-16   4920
  8.707391e-02   5.344402e-14   3.711675e-05   1.001959e-15   4128
  8.720913e-02   5.059618e-14   3.992900e-05   8.618643e-16   5348
  8.734221e-02   5.448718e-14   3.464636e-05   9.775503e-16   4836
  8.746927e-02   4.900745e-14   3.733258e-05   9.452616e-16   4392
  8.760614e-02   5.003104e-14   3.279971e-05   9.208180e-16   4632
  8.772936e-02   5.047343e-14   3.664846e-05   9.163444e-16   4596
  8.787086e-02   5.111658e-14   3.685510e-05   8.537026e-16   5424
  8.801086e-02   4.683176e-14   3.793568e-05   8.008877e-16   5256
  8.815510e-02   5.178270e-14   3.852821e-05   9.570876e-16   4524
  8.827521e-02   4.693868e-14   3.664794e-05   8.821049e-16   4440
  8.840974e-02   4.666902e-14   3.133870e-05   8.581316e-16   4380
  8.854139e-02   4.870491e-14   4.101207e-05   8.744316e-16   4812
  8.868152e-02   4.479362e-14   4.073468e-05   7.317677e-16   5376
  8.880964e-02   4.184600e-14   3.253612e-05   8.122614e-16   3888
  8.893241e-02   4.460639e-14   3.725762e-05   7.812529e-16   4896
  8.906939e-02   4.478777e-14   3.931288e-05   8.001109e-16   4608
  8.921320e-02   4.687497e-14   3.710894e-05   9.130701e-16   4448
  8.933838e-02   4.086572e-14   3.830656e-05   7.064832e-16   4752
  8.947029e-02   4.516856e-14   4.012373e-05   8.018645e-16   4356
  8.960899e-02   4.443785e-14   3.861162e-05   7.574607e-16   5232
  8.974691e-02   4.229362e-14   3.891084e-05   7.981965e-16   4548
  8.988062e-02   4.155705e-14   3.782625e-05   7.574494e-16   4608
  9.001116e-02   4.039466e-14   3.436210e-05   7.699613e-16   3936
  9.013439e-02   4.145087e-14   4.107271e-05   8.387490e-16   4260
  9.027286e-02   3.880505e-14   3.682227e-05   6.745375e-16   5004
  9.039948e-02   4.301406e-14   3.638663e-05   8.174097e-16   4224
  9.053830e-02   3.767059e-14   3.931203e-05   6.818853e-16   4788
  9.067315e-02   4.173224e-14   4.134333e-05   7.800476e-16   4428
  9.080453e-02   3.773325e-14   3.454792e-05   7.790272e-16   4080
  9.093101e-02   3.957904e-14   3.777500e-05   7.274265e-16   4632
  9.106418e-02   4.091009e-14   3.928312e-05   7.972991e-16   4056
  9.120416e-02   3.795562e-14   3.698574e-05   6.921316e-16   4536
  9.133206e-02   3.995420e-14   3.772302e-05   7.065654e-16   4668
  9.147212e-02   3.520542e-14   4.043234e-05   6.468731e-16   4604
  9.160853e-02   3.770854e-14   3.632885e-05   7.513991e-16   4152
  9.173442e-02   3.593461e-14   3.520842e-05   6.955493e-16   4224
  9.186787e-02   3.467640e-14   3.385027e-05   6.470811e-16   4152
  9.200120e-02   3.843834e-14   3.839734e-05   7.099245e-16   4224
  9.213082e-02   3.329673e-14   3.550979e-05   6.841461e-16   3960
  9.225568e-02   3.551813e-14   3.664387e-05   6.547400e-16   4656
  9.239207e-02   3.523077e-14   3.953799e-05   6.790412e-16   4452
  9.253193e-02   3.330848e-14   4.019688e-05   6.523447e-16   4056
  9.266207e-02   3.490186e-14   3.983022e-05   6.959888e-16   4212
  9.279391e-02   3.507140e-14   3.310059e-05   7.501375e-16   3432
  9.292751e-02   3.295407e-14   4.234530e-05   5.801699e-16   5352
  9.305809e-02   3.297821e-14   3.101288e-05   7.344975e-16   3600
  9.320023e-02   3.188555e-14   3.420776e-05   5.992407e-16   4584
  9.332435e-02   3.163817e-14   3.410703e-05   6.441254e-16   3768
  9.345219e-02   3.167464e-14   3.640976e-05   6.622817e-16   3848
  9.357979e-02   3.106056e-14   3.338360e-05   6.211453e-16   3720
  9.372450e-02   3.090409e-14   4.190135e-05   6.071944e-16   4764
  9.385225e-02   3.174047e-14   3.374222e-05   6.432063e-16   3864
  9.398344e-02   3.207329e-14   4.179381e-05   6.275839e-16   4332
  9.412654e-02   3.268421e-14   3.568187e-05   6.747150e-16   3792
  9.425440e-02   2.908998e-14   4.047381e-05   5.562833e-16   4284
  9.438991e-02   2.830992e-14   3.832423e-05   5.720386e-16   3840
  9.451816e-02   2.905204e-14   3.647966e-05   6.696551e-16   3480
  9.464839e-02   2.978464e-14   4.070428e-05   5.774088e-16   4380
  9.478918e-02   2.996626e-14   3.823454e-05   5.949513e-16   4200
  9.492752e-02   2.979538e-14   3.675038e-05   5.964047e-16   4056
  9.505599e-02   2.878504e-14   3.693562e-05   6.455902e-16   3600
  9.517635e-02   2.706956e-14   3.680054e-05   5.707432e-16   3492
  9.531698e-02   2.697971e-14   4.297472e-05   5.415400e-16   4500
  9.546047e-02   2.802824e-14   3.765166e-05   6.062164e-16   3516
  9.558379e-02   2.723579e-14   3.936132e-05   5.603976e-16   3968
  9.572200e-02   2.742316e-14   3.782964e-05   5.890462e-16   3648
  9.584435e-02   2.837189e-14   3.617557e-05   6.067077e-16   4224
  9.598305e-02   2.461895e-14   4.060382e-05   5.296334e-16   3588
  9.611319e-02   2.665612e-14   3.745228e-05   5.908841e-16   3456
  9.624414e-02   2.564546e-14   3.326226e-05   5.860931e-16   3660
  9.637947e-02   2.566400e-14   3.650922e-05   5.506112e-16   3768
  9.650560e-02   2.607225e-14   3.692160e-05   5.632786e-16   3744
  9.664106e-02   2.385406e-14   4.052752e-05   4.696423e-16   4176
  9.678516e-02   2.642869e-14   3.738219e-05   6.082483e-16   3612
  9.690427e-02   2.349330e-14   4.062413e-05   5.346088e-16   3216
  9.704058e-02   2.361460e-14   3.927661e-05   5.290038e-16   3624
  9.717763e-02   2.357067e-14   3.693293e-05   4.938497e-16   3744
  9.731007e-02   2.628021e-14   3.940714e-05   6.006043e-16   3672
  9.744075e-02   2.347623e-14   3.573545e-05   5.134232e-16   3852
  9.757569e-02   2.440571e-14   3.678000e-05   5.774180e-16   3672
  9.771922e-02   2.454309e-14   3.583601e-05   5.782890e-16   3248
  9.783909e-02   2.028993e-14   3.668070e-05   4.745381e-16   3336
  9.796993e-02   2.235099e-14   3.733767e-05   5.462760e-16   3576
  9.810372e-02   2.399435e-14   3.169632e-05   5.476128e-16   3336
  9.824003e-02   2.374718e-14   3.764967e-05   5.129740e-16   3936
  9.837452e-02   2.302610e-14   4.009796e-05   5.311212e-16   3408
  9.850792e-02   2.370474e-14   3.532695e-05   5.424615e-16   3336
  9.863753e-02   1.893573e-14   3.968025e-05   4.505316e-16   3312
  9.876710e-02   2.081252e-14   4.017669e-05   5.038812e-16   3432
  9.890511e-02   2.036566e-14   3.483158e-05   4.899236e-16   3144
  9.903102e-02   2.251493e-14   3.781315e-05   5.403976e-16   3456
  9.917270e-02   2.160738e-14   3.634277e-05   4.918758e-16   3792
  9.930069e-02   2.282138e-14   3.569880e-05   6.539228e-16   2868
  9.943898e-02   2.011125e-14   3.698382e-05   4.588015e-16   3888
  9.956820e-02   1.832419e-14   3.211347e-05   4.536861e-16   2784
  9.969541e-02   1.852937e-14   3.667449e-05   4.868284e-16   2964
  9.983438e-02   2.094040e-14   3.776753e-05   4.860468e-16   3432
  9.996667e-02   2.004716e-14   3.909320e-05   4.701327e-16   3416
  1.001005e-01   1.960455e-14   4.178720e-05   4.677822e-16   3528
  1.002375e-01   2.036873e-14   3.353721e-05   5.123719e-16   2904
  1.003587e-01   1.787486e-14   3.760504e-05   4.748423e-16   3072
  1.004997e-01   1.765822e-14   4.223478e-05   4.413549e-16   3216
  1.006406e-01   1.798752e-14   3.420568e-05   4.747596e-16   2844
  1.007643e-01   1.899547e-14   3.914212e-05   4.659669e-16   3432
  1.008913e-01   2.085214e-14   3.146102e-05   5.601463e-16   2880
  1.010331e-01   1.826380e-14   4.167462e-05   4.574516e-16   3576
  1.011667e-01   2.020649e-14   3.725127e-05   6.012483e-16   2700
  1.012947e-01   1.553260e-14   4.184241e-05   4.389761e-16   3000
  1.014287e-01   1.631395e-14   3.474167e-05   4.717915e-16   2556
  1.015588e-01   1.880944e-14   3.723616e-05   5.039805e-16   3360
  1.016933e-01   1.867693e-14   3.618085e-05   5.261266e-16   3120
  1.018383e-01   1.829263e-14   4.259633e-05   4.710413e-16   3216
  1.019631e-01   1.852257e-14   3.004203e-05   5.196383e-16   2628
  1.021033e-01   1.631199e-14   3.971124e-05   4.492662e-16   3200
  1.022313e-01   1.490094e-14   3.746373e-05   4.476972e-16   2232
  1.023605e-01   1.446231e-14   4.276367e-05   3.877652e-16   3108
  1.024892e-01   1.868797e-14   3.756543e-05   5.338974e-16   2604
  1.026209e-01   1.795527e-14   4.046859e-05   4.835802e-16   3096
  1.027657e-01   1.527283e-14   3.687219e-05   4.113959e-16   3084
  1.028914e-01   1.528552e-14   3.762750e-05   4.639246e-16   2664
  1.030209e-01   1.473624e-14   3.318155e-05   4.767908e-16   2232
  1.031478e-01   1.278041e-14   4.087466e-05   3.781591e-16   2808
  1.032867e-01   1.594266e-14   3.861245e-05   4.602258e-16   2592
  1.034165e-01   1.911987e-14   3.964031e-05   5.196865e-16   2952
  1.035528e-01   1.586720e-14   3.742532e-05   4.991833e-16   2772
  1.036853e-01   1.442572e-14   4.024859e-05   4.030761e-16   3036
  1.038240e-01   1.431432e-14   3.904132e-05   4.967024e-16   2136
  1.039504e-01   1.209256e-14   3.113555e-05   3.401502e-16   2496
  1.040803e-01   1.571275e-14   4.147022e-05   5.490418e-16   2228
  1.042157e-01   1.603673e-14   3.866354e-05   4.890846e-16   3048
  1.043504e-01   1.487182e-14   3.693255e-05   4.436566e-16   2676
  1.044843e-01   1.440710e-14   3.679297e-05   4.287334e-16   2784
  1.046123e-01   1.430289e-14   3.574445e-05   5.186458e-16   1920
  1.047406e-01   1.192641e-14   3.814797e-05   3.772434e-16   2400
  1.048797e-01   1.055661e-14   3.498956e-05   3.107555e-16   2532
  1.050235e-01   1.502718e-14   3.886503e-05   5.198273e-16   2544
  1.051529e-01   1.473638e-14   4.065810e-05   4.446875e-16   2772
  1.052804e-01   1.400207e-14   3.808290e-05   5.118345e-16   2160
  1.054070e-01   1.278797e-14   4.101890e-05   3.855874e-16   2304
  1.055535e-01   1.230845e-14   4.013912e-05   4.276209e-16   2328
  1.056848e-01   1.000606e-14   3.848494e-05   3.372436e-16   2304
  1.058064e-01   1.130337e-14   3.639285e-05   4.397840e-16   1908
  1.059448e-01   1.580288e-14   4.070306e-05   5.259520e-16   2736
  1.060780e-01   1.235705e-14   3.856611e-05   4.124922e-16   2448
  1.062198e-01   1.232963e-14   3.605723e-05   4.322559e-16   2040
  1.063480e-01   1.005965e-14   3.754293e-05   4.114878e-16   2120
  1.064713e-01   1.043295e-14   3.112689e-05   3.604571e-16   2040
  1.066041e-01   8.359970e-15   3.861852e-05   3.243973e-16   2208
  1.067543e-01   1.348606e-14   3.467358e-05   5.072700e-16   2208
  1.068760e-01   1.526441e-14   3.842494e-05   5.491525e-16   2196
  1.070018e-01   8.800567e-15   3.380103e-05   3.782481e-16   1848
  1.071297e-01   1.008096e-14   3.833483e-05   4.073654e-16   2124
  1.072728e-01   1.073500e-14   4.021242e-05   3.663734e-16   2328
  1.074126e-01   9.083342e-15   4.093974e-05   3.727374e-16   1920
  1.075484e-01   8.735536e-15   3.758221e-05   3.446466e-16   1548
  1.076693e-01   1.251946e-14   4.122651e-05   4.138122e-16   2388
  1.078118e-01   1.016880e-14   3.815028e-05   3.985281e-16   2160
  1.079423e-01   9.496980e-15   3.472399e-05   3.772691e-16   1704
  1.080674e-01   8.235787e-15   3.911965e-05   3.351793e-16   1776
  1.081857e-01   8.542868e-15   3.659150e-05   3.404956e-16   1800
  1.083353e-01   7.618635e-15   4.224150e-05   3.022849e-16   1700
  1.084750e-01   1.128568e-14   3.803341e-05   4.317043e-16   2292
  1.086052e-01   1.071292e-14   3.530629e-05   5.004678e-16   1704
  1.087280e-01   9.885931e-15   3.947835e-05   4.417996e-16   1728
  1.088624e-01   7.446825e-15   3.653811e-05   3.666338e-16   1728
  1.089942e-01   9.730754e-15   3.650374e-05   4.089686e-16   1680
  1.091344e-01   6.242663e-15   4.205340e-05   3.106938e-16   1704
  1.092741e-01   6.307466e-15   3.302451e-05   2.446789e-16   1752
  1.093990e-01   9.995155e-15   3.925986e-05   4.898693e-16   1872
  1.095341e-01   9.377776e-15   3.847899e-05   4.858896e-16   1500
  1.096711e-01   7.551289e-15   3.369398e-05   3.280096e-16   1656
  1.098042e-01   8.254212e-15   3.612635e-05   4.422885e-16   1464
  1.099225e-01   5.638769e-15   3.164307e-05   3.399267e-16   1488
  1.100676e-01   7.176099e-15   3.819083e-05   3.395833e-16   1680
  1.102002e-01   7.357454e-15   3.989984e-05   3.421141e-16   1692
  1.103243e-01   9.094520e-15   3.820612e-05   6.543422e-16   1128
  1.104619e-01   6.597331e-15   3.678919e-05   2.859274e-16   1536
  1.105963e-01   5.260934e-15   3.834903e-05   3.119596e-16   1616
  1.107323e-01   5.169753e-15   3.698048e-05   2.158154e-16   1476
  1.108693e-01   5.023385e-15   4.069793e-05   3.163456e-16   1176
  1.109917e-01   5.698537e-15   4.372558e-05   2.422496e-16   1656
  1.111249e-01   6.353785e-15   3.840888e-05   4.912977e-16   891
  1.112623e-01   5.193487e-15   4.094420e-05   2.350252e-16   1596
  1.113961e-01   4.090344e-15   3.570443e-05   2.027817e-16   1422
  1.115281e-01   4.994641e-15   3.423816e-05   2.729633e-16   1254
  1.116523e-01   3.608999e-15   3.497817e-05   1.926715e-16   918
  1.117853e-01   5.433606e-15   3.828150e-05   2.748325e-16   1614
  1.119193e-01   4.199792e-15   3.306808e-05   3.692985e-16   798
  1.120525e-01   3.907020e-15   4.238935e-05   2.213827e-16   1458
  1.121877e-01   3.857729e-15   3.881450e-05   1.621766e-16   1374
  1.123212e-01   3.273531e-15   3.315017e-05   1.648896e-16   984
  1.124536e-01   3.911818e-15   4.561004e-05   2.149060e-16   1062
  1.125886e-01   4.128503e-15   3.866312e-05   1.739410e-16   1246
  1.127196e-01   2.804881e-15   3.585026e-05   1.394249e-16   1072
  1.128596e-01   2.579651e-15   3.882354e-05   1.125318e-16   1110
  1.129889e-01   3.457196e-15   4.205966e-05   1.412696e-16   1254
  1.131249e-01   3.122835e-15   3.991684e-05   1.397159e-16   1032
  1.132730e-01   2.530926e-15   3.698266e-05   1.234679e-16   786
  1.133857e-01   3.154272e-15   3.791521e-05   1.120760e-16   1152
  1.135176e-01   2.794149e-15   4.132380e-05   1.513756e-16   1086
  1.136551e-01   1.853851e-15   3.728329e-05   6.626441e-17   912
  1.137821e-01   3.249508e-15   3.737304e-05   1.568793e-16   1062
  1.139118e-01   2.117781e-15   3.725190e-05   8.634672e-17   912
  1.140616e-01   2.230554e-15   4.158533e-05   1.237760e-16   750
  1.141784e-01   2.917017e-15   4.006777e-05   1.240551e-16   1200
  1.143136e-01   2.251113e-15   3.628452e-05   9.738659e-17   918
  1.144479e-01   2.082036e-15   3.766211e-05   7.890410e-17   876
  1.145845e-01   2.764723e-15   3.290913e-05   1.137922e-16   870
  1.147040e-01   2.064975e-15   3.838327e-05   8.213006e-17   768
  1.148442e-01   1.865886e-15   3.518029e-05   8.091339e-17   830
  1.149739e-01   2.452453e-15   3.642451e-05   1.059041e-16   1080
  1.151083e-01   2.030998e-15   4.098234e-05   9.553795e-17   840
  1.152438e-01   1.805351e-15   3.946149e-05   8.161291e-17   798
  1.153975e-01   2.645551e-15   3.132119e-05   1.132946e-16   792
  1.155166e-01   1.726663e-15   3.653066e-05   8.468719e-17   726
  1.156417e-01   1.394188e-15   4.093464e-05   4.891248e-17   864
  1.157786e-01   2.013892e-15   3.503911e-05   9.234385e-17   900
  1.159175e-01   1.812725e-15   3.894120e-05   8.149620e-17   726
  1.160366e-01   1.796345e-15   3.370192e-05   8.750625e-17   576
  1.161955e-01   2.210938e-15   3.507285e-05   1.012906e-16   840
  1.163073e-01   1.720341e-15   3.640780e-05   7.236369e-17   750
  1.164397e-01   1.441187e-15   3.651836e-05   5.805055e-17   720
  1.165646e-01   1.560881e-15   3.694386e-05   6.882873e-17   702
  1.167105e-01   1.608222e-15   4.034765e-05   6.725055e-17   696
  1.168306e-01   1.618996e-15   3.608340e-05   8.965788e-17   480
  1.169721e-01   1.571390e-15   3.419051e-05   6.822013e-17   830
  1.170974e-01   1.458132e-15   3.977465e-05   6.463229e-17   756
  1.172378e-01   1.429519e-15   3.819066e-05   6.473185e-17   624
  1.173617e-01   1.520843e-15   4.035378e-05   8.703142e-17   582
  1.175081e-01   1.536374e-15   3.097244e-05   6.787321e-17   576
  1.176348e-01   1.266266e-15   4.148222e-05   5.846421e-17   624
  1.177647e-01   1.413468e-15   3.387852e-05   5.616633e-17   702
  1.178933e-01   1.402657e-15   3.896935e-05   7.006692e-17   624
  1.180460e-01   1.422466e-15   3.770023e-05   6.475343e-17   672
  1.181703e-01   1.216896e-15   2.822216e-05   6.661101e-17   342
  1.183070e-01   1.482180e-15   3.528141e-05   6.885474e-17   660
  1.184326e-01   1.085822e-15   3.626776e-05   5.341116e-17   576
  1.185623e-01   1.335483e-15   3.525958e-05   5.684578e-17   600
  1.186934e-01   1.095095e-15   4.078255e-05   5.737733e-17   510
  1.188409e-01   1.299396e-15   3.820714e-05   6.072728e-17   600
  1.189546e-01   1.109416e-15   3.043053e-05   8.481831e-17   216
  1.190871e-01   1.127362e-15   3.703923e-05   4.600623e-17   758
  1.192415e-01   9.544523e-16   4.055009e-05   4.891450e-17   576
  1.193769e-01   1.239360e-15   3.442592e-05   6.047073e-17   528
  1.194990e-01   1.045724e-15   2.370718e-05   6.363983e-17   318
  1.196302e-01   1.167356e-15   4.095435e-05   5.520215e-17   540
  1.197853e-01   8.757261e-16   2.895411e-05   5.209703e-17   384
  1.198904e-01   1.104800e-15   4.000450e-05   4.943459e-17   576
  1.200273e-01   9.601876e-16   3.269109e-05   4.727691e-17   414
  1.201567e-01   1.029585e-15   3.650527e-05   4.229662e-17   504
  1.202949e-01   1.126603e-15   4.007427e-05   6.562887e-17   312
  1.204277e-01   1.032625e-15   3.630778e-05   4.888021e-17   414
  1.205594e-01   7.460594e-16   3.354256e-05   3.786216e-17   432
  1.206820e-01   8.704705e-16   4.442231e-05   3.953421e-17   504
  1.208239e-01   9.353300e-16   4.278367e-05   4.972600e-17   432
  1.209567e-01   1.062078e-15   3.504625e-05   5.923443e-17   354
  1.210920e-01   9.769625e-16   5.099656e-05   6.520377e-17   200
  1.212080e-01   8.810709e-16   3.618371e-05   4.627556e-17   480
  1.213648e-01   8.331665e-16   4.134781e-05   3.721862e-17   552
  1.215086e-01   8.522028e-16   2.575639e-05   4.342910e-17   366
  1.216195e-01   9.485039e-16   2.741897e-05   6.230985e-17   240
  1.217415e-01   9.284352e-16   3.833283e-05   6.638718e-17   288
  1.219132e-01   7.545894e-16   2.634455e-05   3.872571e-17   366
  1.220242e-01   7.359142e-16   4.271284e-05   3.983547e-17   408
  1.221481e-01   7.979972e-16   3.210903e-05   4.522118e-17   360
  1.222763e-01   8.005222e-16   2.993099e-05   4.206901e-17   324
  1.224007e-01   7.356320e-16   3.534945e-05   5.452288e-17   174
  1.225488e-01   6.579861e-16   4.061155e-05   4.098337e-17   264
  1.226878e-01   6.209194e-16   3.703973e-05   3.266572e-17   456
  1.228264e-01   6.589457e-16   3.724489e-05   3.210976e-17   360
  1.229404e-01   7.454958e-16   4.102883e-05   5.489703e-17   270
  1.230799e-01   8.830737e-16   4.487334e-05   6.570328e-17   240
  1.232548e-01   8.348643e-16   3.270054e-05   6.822928e-17   120
  1.233408e-01   5.212908e-16   3.413825e-05   3.050955e-17   320
  1.234795e-01   6.150330e-16   4.224022e-05   2.737169e-17   462
  1.236248e-01   5.949654e-16   2.457565e-05   3.772042e-17   276
  1.237511e-01   7.260606e-16   2.788070e-05   7.070406e-17   144
  1.238727e-01   7.493409e-16   2.928017e-05   8.064668e-17   120
  1.240344e-01   6.147306e-16   2.217280e-05   3.240386e-17   294
  1.241566e-01   5.925102e-16   3.933572e-05   3.192438e-17   384
  1.242706e-01   5.794584e-16   2.603999e-05   4.033484e-17   216
  1.243797e-01   6.510525e-16   2.418253e-05   5.577610e-17   168
  1.245029e-01   7.620387e-16   2.877335e-05   7.870321e-17   102
  1.246812e-01   6.109896e-16   4.365485e-05   4.763643e-17   168
  1.248061e-01   5.669988e-16   3.820850e-05   2.833756e-17   384
  1.249431e-01   6.277396e-16   3.882079e-05   3.745915e-17   300
  1.250705e-01   6.417891e-16   4.156865e-05   4.987717e-17   144
  1.252142e-01   7.625940e-16   4.257218e-05   8.659315e-17   102
  1.253866e-01   7.685321e-16   1.007778e-05   8.339018e-17   56
  1.254692e-01   5.182601e-16   3.281063e-05   3.323679e-17   288
  1.255988e-01   4.906209e-16   4.269882e-05   2.964136e-17   360
  1.257399e-01   7.255520e-16   2.290500e-05   5.733674e-17   126
  1.258587e-01   8.512573e-16   1.128097e-05   1.306020e-16   72
  1.259883e-01   5.803356e-16   5.976675e-06   6.777940e-17   48
  1.261573e-01   5.005194e-16   2.417848e-05   3.426765e-17   240
  1.262684e-01   4.816544e-16   3.587451e-05   2.933028e-17   306
  1.263821e-01   7.028965e-16   1.993824e-05   7.061644e-17   120
  1.265131e-01   6.246580e-16   4.907069e-05   6.104478e-17   96
  1.266083e-01   7.464368e-16   0.000000e+00   1.436244e-16   24
  1.268223e-01   5.062349e-16   4.249397e-05   4.038299e-17   120
  1.269271e-01   4.785357e-16   3.674949e-05   2.907641e-17   318
  1.270553e-01   4.539351e-16   3.927183e-05   3.048228e-17   168
  1.271958e-01   5.141193e-16   4.214307e-05   6.476343e-17   72
  1.273496e-01   6.833832e-16   0.000000e+00   9.417186e-17   24
  1.275151e-01   7.011693e-16   2.045639e-05   1.819424e-16   14
  1.275938e-01   4.841751e-16   3.226430e-05   3.155334e-17   288
  1.277160e-01   4.957003e-16   3.881571e-05   3.488388e-17   204
  1.278571e-01   5.437190e-16   5.889318e-06   6.055218e-17   48
  1.279689e-01   8.235561e-16   0.000000e+00   1.548918e-16   24
  1.280983e-01   2.434221e-15   0.000000e+00   5.804367e-16   6
  1.282843e-01   4.712246e-16   2.412252e-05   3.194403e-17   216
  1.283802e-01   4.946234e-16   3.212459e-05   3.593604e-17   192
  1.284974e-01   2.997740e-16   5.859970e-06   3.858168e-17   48
  1.286204e-01   6.753210e-16   4.682215e-05   6.417698e-17   30
  1.289683e-01   4.159347e-16   9.682361e-06   4.960738e-17   96
  1.290397e-01   4.470366e-16   3.172656e-05   2.952715e-17   228
  1.291754e-01   5.111329e-16   4.148822e-05   5.870263e-17   72
  1.293385e-01   3.799312e-16   1.404895e-09   4.733034e-17   6
  1.297100e-01   3.752802e-16   3.132585e-05   2.515692e-17   248
  1.298286e-01   5.563880e-16   3.585407e-05   5.666339e-17   72
  1.299715e-01   4.066528e-16   0.000000e+00   8.217474e-17   6
  1.304038e-01   3.915692e-16   2.226058e-05   2.771372e-17   180
  1.304900e-01   5.555778e-16   3.028903e-05   6.455332e-17   72
  1.306130e-01   4.075868e-16   0.000000e+00   1.694228e-16   6
  1.310935e-01   3.246947e-16   9.525388e-06   3.210828e-17   96
  1.311510e-01   3.870965e-16   2.615118e-05   3.763664e-17   96
  1.312629e-01   1.392611e-16   0.000000e+00   5.226757e-17   6
  1.318181e-01   3.751420e-16   2.502871e-05   2.983577e-17   140
  1.319209e-01   2.703083e-16   1.404895e-09   1.011791e-16   6
  1.325161e-01   4.610023e-16   1.680790e-05   4.744168e-17   96
  1.325871e-01   2.616657e-16   2.433349e-09   2.165364e-17   6
  1.332160e-01   4.022598e-16   1.011134e-05   4.716272e-17   60
  1.332612e-01   5.500839e-17   0.000000e+00   1.410454e-17   6
  1.339218e-01   3.381307e-16   1.025081e-05   4.991393e-17   38
  1.346254e-01   3.692852e-16   5.273277e-06   8.879668e-17   18
  1.353301e-01   7.150714e-17   0.000000e+00   3.916726e-18   6
