# power spectrum of phi
# redshift z=0.000000
# k              Pk             sigma(k)       sigma(Pk)      count
  1.963495e-02   8.789334e-11   0.000000e+00   3.185759e-11   6
  2.776802e-02   1.309270e-10   0.000000e+00   2.779891e-11   12
  3.400874e-02   6.444243e-11   3.725290e-10   1.763250e-11   8
  3.926991e-02   5.390648e-11   0.000000e+00   1.258247e-11   6
  4.390509e-02   4.565200e-11   0.000000e+00   5.533133e-12   24
  4.809562e-02   3.539514e-11   7.024475e-10   6.660579e-12   24
  5.553604e-02   1.054248e-11   0.000000e+00   2.301739e-12   12
  5.890486e-02   2.631222e-11   7.947286e-10   2.669948e-12   30
  6.209118e-02   1.510563e-11   0.000000e+00   2.774727e-12   24
  6.512178e-02   1.923677e-11   1.216675e-09   3.513159e-12   24
  6.801748e-02   3.695421e-11   7.450581e-10   1.189294e-11   8
  7.079483e-02   1.577958e-11   9.934107e-10   2.803273e-12   24
  7.346727e-02   1.166506e-11   0.000000e+00   1.225161e-12   48
  7.853982e-02   9.719230e-12   0.000000e+00   6.976808e-13   6
  8.095699e-02   1.473128e-11   1.404895e-09   1.557647e-12   48
  8.330406e-02   1.196647e-11   0.000000e+00   1.620803e-12   36
  8.558678e-02   6.092384e-12   9.934107e-10   1.587937e-12   24
  8.781018e-02   6.418082e-12   0.000000e+00   1.221220e-12   24
  8.997866e-02   8.275267e-12   0.000000e+00   1.210895e-12   48
  9.209610e-02   1.158072e-11   1.404895e-09   2.015066e-12   24
  9.619124e-02   6.416364e-12   1.404895e-09   1.230136e-12   24
  9.817477e-02   7.418573e-12   0.000000e+00   1.260827e-12   30
  1.001190e-01   7.518384e-12   0.000000e+00   7.484437e-13   72
  1.020262e-01   8.184994e-12   1.490116e-09   1.346382e-12   32
  1.057375e-01   6.357670e-12   0.000000e+00   8.574964e-13   72
  1.075451e-01   5.249339e-12   0.000000e+00   6.638502e-13   48
  1.110721e-01   3.727489e-12   0.000000e+00   6.095345e-13   12
  1.127942e-01   6.218856e-12   0.000000e+00   7.614518e-13   48
  1.144905e-01   5.759902e-12   0.000000e+00   7.452957e-13   48
  1.161620e-01   3.850557e-12   1.404895e-09   5.260114e-13   48
  1.178097e-01   3.866404e-12   1.589457e-09   7.330751e-13   30
  1.194348e-01   3.826668e-12   1.404895e-09   5.932682e-13   24
  1.210380e-01   4.848288e-12   2.961779e-09   4.052597e-13   72
  1.241824e-01   4.242747e-12   0.000000e+00   1.566569e-12   24
  1.257251e-01   4.899886e-12   0.000000e+00   4.367943e-13   96
  1.272490e-01   3.204210e-12   0.000000e+00   4.105784e-13   48
  1.287550e-01   3.467064e-12   2.433349e-09   5.640745e-13   24
  1.302436e-01   6.352285e-12   2.433349e-09   9.782203e-13   24
  1.317153e-01   3.770132e-12   0.000000e+00   4.364857e-13   72
  1.331707e-01   3.902145e-12   0.000000e+00   4.745369e-13   48
  1.360350e-01   4.202264e-12   1.490116e-09   1.798751e-12   8
  1.374447e-01   3.817401e-12   1.766064e-09   3.795999e-13   54
  1.388401e-01   4.632563e-12   0.000000e+00   5.552011e-13   84
  1.402216e-01   2.899224e-12   0.000000e+00   4.005556e-13   48
  1.415897e-01   2.866415e-12   1.986821e-09   7.474364e-13   24
  1.429446e-01   2.749334e-12   1.873193e-09   3.341083e-13   72
  1.442869e-01   2.685908e-12   0.000000e+00   2.448916e-13   96
  1.469345e-01   2.229784e-12   0.000000e+00   2.574042e-13   48
  1.482407e-01   2.093969e-12   0.000000e+00   2.806176e-13   48
  1.495354e-01   1.715490e-12   1.986821e-09   3.380747e-13   24
  1.508189e-01   2.029997e-12   0.000000e+00   2.178172e-13   72
  1.533539e-01   2.412481e-12   1.873193e-09   2.613198e-13   72
  1.546058e-01   2.308989e-12   0.000000e+00   2.026667e-13   96
  1.570796e-01   1.012896e-12   0.000000e+00   3.554006e-13   6
  1.583021e-01   2.353664e-12   0.000000e+00   2.398801e-13   96
  1.595151e-01   2.133198e-12   1.986821e-09   2.042522e-13   96
  1.607190e-01   3.101516e-12   0.000000e+00   5.635996e-13   24
  1.619140e-01   1.951870e-12   2.809790e-09   2.560284e-13   48
  1.631002e-01   1.671553e-12   0.000000e+00   1.769864e-13   96
  1.642778e-01   1.345359e-12   0.000000e+00   1.947229e-13   48
  1.666081e-01   2.401721e-12   0.000000e+00   3.844867e-13   36
  1.677611e-01   1.475106e-12   3.441276e-09   2.876221e-13   48
  1.689063e-01   1.663369e-12   3.893359e-09   1.581791e-13   120
  1.700437e-01   2.234050e-12   0.000000e+00   3.113791e-13   56
  1.711736e-01   1.100629e-12   1.986821e-09   2.693130e-13   24
  1.722960e-01   1.298819e-12   0.000000e+00   1.180799e-13   96
  1.734112e-01   1.985986e-12   0.000000e+00   2.548984e-13   48
  1.756204e-01   1.394168e-12   0.000000e+00   2.696104e-13   24
  1.767146e-01   1.764917e-12   0.000000e+00   1.657624e-13   102
  1.778021e-01   1.902502e-12   0.000000e+00   3.427983e-13   48
  1.788829e-01   1.696138e-12   0.000000e+00   1.667472e-13   72
  1.799573e-01   1.437193e-12   0.000000e+00   1.832020e-13   48
  1.810253e-01   2.019794e-12   0.000000e+00   3.167914e-13   48
  1.820871e-01   1.462120e-12   4.495664e-09   1.344865e-13   120
  1.841922e-01   8.494324e-13   2.809790e-09   1.849581e-13   24
  1.852358e-01   1.479258e-12   2.649095e-09   1.101994e-13   144
  1.862735e-01   1.163131e-12   3.178914e-09   8.874821e-14   120
  1.873055e-01   1.757385e-12   2.809790e-09   2.464026e-13   48
  1.893526e-01   1.075311e-12   2.809790e-09   1.824181e-13   48
  1.903679e-01   1.120281e-12   2.809790e-09   1.222466e-13   96
  1.930487e-01   1.323405e-12   4.711199e-04   1.720316e-13   72
  1.943761e-01   1.208103e-12   3.532127e-09   1.079062e-13   108
  1.953653e-01   1.021441e-12   0.000000e+00   1.067233e-13   72
  1.963495e-01   1.285859e-12   0.000000e+00   1.619551e-13   30
  1.973288e-01   1.390323e-12   0.000000e+00   1.020597e-13   168
  1.983033e-01   1.589693e-12   0.000000e+00   2.288616e-13   48
  2.002380e-01   1.300049e-12   0.000000e+00   1.664022e-13   72
  2.011984e-01   1.587289e-12   0.000000e+00   1.364010e-13   96
  2.021542e-01   1.080046e-12   5.298191e-09   1.119998e-13   72
  2.031055e-01   1.187506e-12   0.000000e+00   1.101812e-13   72
  2.047049e-01   9.725204e-13   4.350048e-04   8.038922e-14   104
  2.059331e-01   1.041107e-12   3.746387e-09   9.043533e-14   144
  2.087224e-01   1.366963e-12   6.282881e-09   1.562904e-13   96
  2.096439e-01   9.373861e-13   0.000000e+00   9.682230e-14   96
  2.111095e-01   7.509580e-13   4.475232e-04   5.936107e-14   120
  2.123845e-01   9.704692e-13   0.000000e+00   8.522764e-14   120
  2.132902e-01   1.004474e-12   0.000000e+00   8.432904e-14   72
  2.150901e-01   1.559614e-12   0.000000e+00   2.327748e-13   48
  2.159845e-01   7.242485e-13   4.235416e-09   6.977391e-14   78
  2.171286e-01   7.960279e-13   4.007142e-04   5.542918e-14   168
  2.195255e-01   9.258261e-13   3.746387e-09   1.104667e-13   144
  2.204018e-01   1.060538e-12   3.746387e-09   7.782955e-14   144
  2.229436e-01   9.324260e-13   2.307791e-04   6.745411e-14   156
  2.238729e-01   6.917625e-13   4.866699e-09   8.204392e-14   48
  2.247323e-01   8.044170e-13   3.178914e-09   7.493045e-14   120
  2.255884e-01   8.697097e-13   0.000000e+00   1.302675e-13   48
  2.271022e-01   7.702827e-13   3.532495e-04   4.909421e-14   216
  2.289809e-01   7.312932e-13   0.000000e+00   1.155268e-13   48
  2.298212e-01   6.979233e-13   2.809790e-09   6.964002e-14   96
  2.310160e-01   7.720721e-13   4.128272e-04   5.362398e-14   168
  2.323239e-01   8.110774e-13   2.809790e-09   1.083310e-13   48
  2.331522e-01   7.255005e-13   0.000000e+00   5.865882e-14   96
  2.339775e-01   4.842763e-13   0.000000e+00   5.871049e-14   48
  2.356194e-01   5.413483e-13   3.178914e-09   1.126830e-13   30
  2.364362e-01   7.748086e-13   2.809790e-09   5.801662e-14   96
  2.374123e-01   7.777724e-13   3.244455e-04   5.362282e-14   240
  2.386674e-01   6.463026e-13   3.500299e-04   7.875592e-14   32
  2.396752e-01   6.585401e-13   0.000000e+00   4.594725e-14   168
  2.404781e-01   6.728961e-13   0.000000e+00   5.400911e-14   120
  2.420760e-01   6.542424e-13   5.923557e-09   7.853069e-14   72
  2.428710e-01   6.302216e-13   3.746387e-09   4.765927e-14   144
  2.436634e-01   6.260423e-13   0.000000e+00   7.042919e-14   96
  2.444532e-01   6.250769e-13   0.000000e+00   6.686870e-14   96
  2.460253e-01   1.107748e-12   4.588368e-09   1.080727e-13   72
  2.468075e-01   5.869800e-13   3.973643e-09   6.747853e-14   96
  2.483647e-01   9.593841e-13   0.000000e+00   3.684731e-13   24
  2.491396e-01   6.804066e-13   0.000000e+00   4.243881e-14   192
  2.500522e-01   5.457192e-13   2.970416e-04   4.386814e-14   132
  2.514501e-01   5.777195e-13   0.000000e+00   4.888145e-14   96
  2.522156e-01   5.330784e-13   0.000000e+00   6.748359e-14   96
  2.529787e-01   5.198545e-13   3.178914e-09   6.243479e-14   120
  2.544981e-01   5.957659e-13   0.000000e+00   8.926656e-14   48
  2.557435e-01   6.723695e-13   3.599905e-04   4.294765e-14   222
  2.567603e-01   4.003225e-13   0.000000e+00   3.385534e-14   120
  2.575100e-01   4.459560e-13   4.866699e-09   1.006131e-13   24
  2.586015e-01   6.251460e-13   3.715625e-04   3.714291e-14   312
  2.609797e-01   5.970346e-13   3.483547e-04   6.688662e-14   72
  2.619630e-01   6.207969e-13   2.809790e-09   7.297852e-14   96
  2.629726e-01   5.040002e-13   3.547511e-04   3.992674e-14   192
  2.641613e-01   5.663477e-13   4.495664e-09   4.548497e-14   120
  2.648900e-01   5.781238e-13   0.000000e+00   5.120273e-14   144
  2.663415e-01   5.012367e-13   0.000000e+00   7.067849e-14   48
  2.673732e-01   5.202818e-13   3.567146e-04   2.562201e-14   336
  2.685040e-01   4.404289e-13   0.000000e+00   6.481866e-14   48
  2.699360e-01   4.302863e-13   0.000000e+00   3.539022e-14   192
  2.706492e-01   3.026099e-13   0.000000e+00   3.375595e-14   48
  2.726764e-01   3.668867e-13   2.476067e-04   3.856267e-14   56
  2.736844e-01   4.597962e-13   3.180112e-04   2.425613e-14   336
  2.748894e-01   4.438448e-13   3.532127e-09   5.496427e-14   54
  2.759390e-01   5.033615e-13   3.492904e-04   3.341987e-14   240
  2.781181e-01   3.581759e-13   3.344484e-04   2.024355e-14   228
  2.790651e-01   3.667420e-13   3.746387e-09   4.791300e-14   72
  2.799844e-01   4.205954e-13   3.244231e-04   3.215704e-14   144
  2.811298e-01   4.054087e-13   0.000000e+00   4.277697e-14   96
  2.818146e-01   3.918536e-13   4.495664e-09   2.265946e-14   240
  2.831793e-01   3.811475e-13   3.973643e-09   7.284503e-14   24
  2.840530e-01   3.930780e-13   3.064151e-04   2.298441e-14   336
  2.852142e-01   3.640420e-13   0.000000e+00   3.721630e-14   72
  2.862741e-01   4.305137e-13   3.332831e-04   3.355789e-14   168
  2.872346e-01   5.526671e-13   0.000000e+00   5.370011e-14   72
  2.885737e-01   4.866322e-13   0.000000e+00   4.738976e-14   96
  2.896108e-01   2.966930e-13   3.307829e-04   2.158827e-14   216
  2.905708e-01   3.461544e-13   3.973643e-09   4.862656e-14   96
  2.918946e-01   3.876955e-13   0.000000e+00   2.637121e-14   192
  2.925542e-01   4.704165e-13   3.746387e-09   3.683943e-14   144
  2.938691e-01   2.592306e-13   0.000000e+00   3.335064e-14   48
  2.947794e-01   3.790178e-13   3.189136e-04   2.361655e-14   246
  2.960164e-01   4.130993e-13   2.940434e-04   3.353745e-14   168
  2.971308e-01   3.984145e-13   5.506041e-09   4.240651e-14   120
  2.977788e-01   4.025362e-13   0.000000e+00   2.987180e-14   240
  2.990707e-01   5.593783e-13   3.973643e-09   8.582799e-14   24
  3.001001e-01   3.452078e-13   3.147475e-04   1.720652e-14   360
  3.013820e-01   4.004328e-13   3.134082e-04   3.437949e-14   120
  3.022763e-01   4.049573e-13   0.000000e+00   3.094159e-14   144
  3.029133e-01   4.900397e-13   0.000000e+00   5.574461e-14   96
  3.048165e-01   3.870676e-13   0.000000e+00   3.430543e-14   144
  3.054482e-01   3.558986e-13   0.000000e+00   2.791460e-14   132
  3.063360e-01   3.047976e-13   3.093292e-04   2.463075e-14   176
  3.076248e-01   2.815679e-13   3.123602e-04   1.596745e-14   312
  3.092116e-01   2.977923e-13   0.000000e+00   2.909874e-14   96
  3.098343e-01   3.072000e-13   0.000000e+00   2.268515e-14   144
  3.107899e-01   3.212219e-13   3.092271e-04   1.863420e-14   312
  3.123131e-01   1.610213e-13   0.000000e+00   2.726931e-14   48
  3.129297e-01   3.228912e-13   3.973643e-09   2.253432e-14   192
  3.141593e-01   1.924508e-13   0.000000e+00   1.023018e-14   6
  3.149762e-01   2.657032e-13   2.884066e-04   1.577124e-14   288
  3.162994e-01   2.787980e-13   3.047203e-04   1.670661e-14   192
  3.172124e-01   2.983598e-13   7.064254e-09   2.156976e-14   216
  3.178195e-01   3.005334e-13   0.000000e+00   3.226393e-14   72
  3.193321e-01   2.988332e-13   3.018264e-04   2.161699e-14   192
  3.203366e-01   2.809903e-13   2.241224e-04   1.817893e-14   288
  3.214381e-01   3.100265e-13   0.000000e+00   7.412406e-14   24
  3.222890e-01   2.505162e-13   2.952626e-04   1.199891e-14   456
  3.238280e-01   2.336574e-13   0.000000e+00   3.074570e-14   48
  3.247789e-01   2.700936e-13   2.908218e-04   1.575832e-14   240
  3.258718e-01   2.661750e-13   2.939082e-04   1.745764e-14   216
  3.267908e-01   3.013309e-13   0.000000e+00   3.226315e-14   72
  3.273801e-01   3.596875e-13   1.015467e-08   2.395729e-14   168
  3.290441e-01   2.350950e-13   2.184577e-04   1.519401e-14   288
  3.299773e-01   2.481485e-13   2.890570e-04   1.615301e-14   168
  3.314762e-01   2.016798e-13   0.000000e+00   1.716515e-14   192
  3.320572e-01   2.755389e-13   3.746387e-09   2.028719e-14   144
  3.332162e-01   3.468317e-13   0.000000e+00   4.209470e-14   36
  3.341991e-01   2.547785e-13   2.639705e-04   1.281989e-14   342
  3.351389e-01   3.050447e-13   2.710657e-04   2.656770e-14   144
  3.363470e-01   2.511724e-13   2.842800e-04   1.486503e-14   384
  3.378125e-01   2.232728e-13   7.786718e-09   1.888205e-14   120
  3.385379e-01   3.158349e-13   2.534951e-04   1.893605e-14   264
  3.395201e-01   2.353853e-13   1.256576e-08   1.854172e-14   192
  3.404451e-01   2.149909e-13   2.731894e-04   1.724500e-14   152
  3.412191e-01   2.752213e-13   3.746387e-09   2.608840e-14   144
  3.428472e-01   2.328463e-13   1.768108e-04   1.608730e-14   216
  3.436008e-01   2.593843e-13   2.362665e-04   1.448528e-14   312
  3.449274e-01   2.255145e-13   2.738281e-04   1.371006e-14   240
  3.457090e-01   1.524999e-13   3.973643e-09   1.554907e-14   96
  3.471927e-01   2.045114e-13   2.617995e-04   2.186948e-14   144
  3.481071e-01   1.758536e-13   2.573258e-04   9.148584e-15   456
  3.495904e-01   1.965054e-13   0.000000e+00   1.681479e-14   120
  3.501414e-01   1.972361e-13   0.000000e+00   1.981665e-14   144
  3.512407e-01   1.935043e-13   0.000000e+00   3.519319e-14   24
  3.519456e-01   1.863835e-13   2.473498e-04   9.482763e-15   336
  3.531645e-01   2.080276e-13   2.727931e-04   1.537247e-14   198
  3.543067e-01   2.026271e-13   2.652756e-04   9.910819e-15   432
  3.556041e-01   2.270770e-13   0.000000e+00   3.180878e-14   48
  3.562810e-01   2.257347e-13   2.341925e-04   1.271942e-14   384
  3.574963e-01   1.607156e-13   2.696052e-04   1.297853e-14   144
  3.585975e-01   2.192681e-13   2.676825e-04   1.591759e-14   264
  3.599147e-01   2.132156e-13   3.973643e-09   2.391920e-14   48
  3.607984e-01   2.061231e-13   2.545223e-04   1.154351e-14   276
  3.616510e-01   1.761641e-13   2.307176e-04   1.325703e-14   192
  3.627906e-01   1.679399e-13   2.592759e-04   7.145638e-15   552
  3.641741e-01   2.164796e-13   4.495664e-09   2.372179e-14   120
  3.649965e-01   1.722737e-13   2.624511e-04   1.094921e-14   216
  3.657587e-01   2.375885e-13   6.357829e-09   2.022459e-14   120
  3.671201e-01   1.765053e-13   2.584500e-04   8.231560e-15   408
  3.683844e-01   1.167350e-13   5.619580e-09   1.993024e-14   24
  3.691684e-01   1.699753e-13   2.610810e-04   9.102685e-15   384
  3.702633e-01   1.861763e-13   2.550855e-04   1.058896e-14   240
  3.712141e-01   2.193932e-13   2.569535e-04   1.651071e-14   168
  3.725471e-01   1.686497e-13   0.000000e+00   1.580752e-14   120
  3.734064e-01   1.631638e-13   2.678605e-04   7.976374e-15   350
  3.748037e-01   2.178930e-13   4.409502e-04   1.317973e-14   384
  3.756388e-01   1.865783e-13   0.000000e+00   1.588114e-14   144
  3.771752e-01   1.591338e-13   0.000000e+00   8.911907e-15   288
  3.779773e-01   1.964894e-13   2.524053e-04   1.153635e-14   336
  3.790686e-01   1.552973e-13   2.297941e-04   1.163789e-14   168
  3.797219e-01   1.653790e-13   1.015467e-08   7.739258e-15   336
  3.810732e-01   1.459397e-13   2.385126e-04   8.977895e-15   288
  3.818848e-01   1.772055e-13   2.247398e-04   1.251840e-14   264
  3.832590e-01   1.711840e-13   0.000000e+00   1.305091e-14   240
  3.837616e-01   1.485242e-13   5.619580e-09   1.858558e-14   96
  3.855656e-01   1.814368e-13   3.056310e-04   1.080147e-14   360
  3.864075e-01   1.875701e-13   2.253025e-04   1.793892e-14   168
  3.874713e-01   1.413737e-13   2.456032e-04   6.371670e-15   456
  3.887523e-01   1.580324e-13   4.995182e-09   1.505029e-14   108
  3.894728e-01   1.286683e-13   2.464311e-04   7.020795e-15   264
  3.903716e-01   1.309422e-13   2.198567e-04   8.592308e-15   264
  3.916025e-01   1.446978e-13   2.074668e-04   8.138301e-15   312
  3.931351e-01   1.301654e-13   1.541705e-04   8.893246e-15   270
  3.937775e-01   1.631241e-13   1.957388e-04   1.062044e-14   240
  3.949323e-01   1.582029e-13   2.421536e-04   9.331558e-15   384
  3.956334e-01   1.345189e-13   5.619580e-09   8.689010e-15   192
  3.969952e-01   1.511493e-13   1.942960e-04   9.600877e-15   240
  3.977852e-01   1.634752e-13   2.397927e-04   1.075798e-14   336
  3.992708e-01   1.326291e-13   2.413972e-04   5.671253e-15   480
  4.004761e-01   1.983586e-13   9.176735e-09   3.282514e-14   72
  4.011493e-01   1.316880e-13   2.353842e-04   7.727376e-15   240
  4.020650e-01   1.579589e-13   2.212289e-04   9.527823e-15   312
  4.031147e-01   1.296996e-13   2.390954e-04   8.061482e-15   240
  4.047009e-01   1.434937e-13   1.816506e-04   7.128897e-15   408
  4.053288e-01   1.303108e-13   1.663482e-04   8.274756e-15   336
  4.065560e-01   1.412398e-13   2.112212e-04   8.794852e-15   264
  4.071591e-01   1.169173e-13   0.000000e+00   1.011650e-14   144
  4.088370e-01   1.154773e-13   2.927651e-04   5.514134e-15   464
  4.097211e-01   1.568495e-13   2.328083e-04   1.278594e-14   168
  4.105939e-01   1.373136e-13   2.120376e-04   8.842815e-15   336
  4.121713e-01   1.345596e-13   2.227870e-04   7.008424e-15   414
  4.130606e-01   1.468140e-13   2.319080e-04   1.188286e-14   216
  4.141998e-01   2.139884e-13   5.619580e-09   2.218333e-14   96
  4.146649e-01   1.401988e-13   1.256576e-08   7.443273e-15   384
  4.162944e-01   1.422936e-13   2.314600e-04   7.639758e-15   492
  4.171676e-01   1.578870e-13   2.263480e-04   1.008354e-14   240
  4.181546e-01   1.332890e-13   2.298225e-04   8.618835e-15   312
  4.195176e-01   8.934584e-14   2.297469e-04   7.733428e-15   192
  4.203810e-01   1.232967e-13   2.226525e-04   5.656019e-15   504
  4.215265e-01   1.303279e-13   1.473998e-04   7.321960e-15   408
  4.224284e-01   1.123200e-13   4.515774e-04   8.409587e-15   168
  4.235571e-01   1.613140e-13   2.145032e-04   1.188291e-14   288
  4.245041e-01   1.276163e-13   2.238525e-04   7.700732e-15   288
  4.254743e-01   9.154752e-14   2.251410e-04   4.248858e-15   432
  4.268815e-01   1.299288e-13   2.129084e-04   1.109969e-14   216
  4.276334e-01   1.214062e-13   2.124592e-04   7.496419e-15   360
  4.289721e-01   1.233874e-13   2.073582e-04   8.139325e-15   312
  4.301803e-01   1.716374e-13   0.000000e+00   2.455383e-14   48
  4.308767e-01   1.232396e-13   2.223178e-04   6.514996e-15   432
  4.321240e-01   1.208988e-13   3.708284e-04   6.060809e-15   414
  4.328606e-01   1.101432e-13   0.000000e+00   7.561497e-15   312
  4.342347e-01   1.075814e-13   3.253813e-04   5.753851e-15   528
  4.351620e-01   1.158587e-13   1.707976e-04   8.002275e-15   264
  4.362761e-01   1.300412e-13   2.025191e-04   7.411441e-15   480
  4.377318e-01   1.059996e-13   0.000000e+00   7.155986e-15   288
  4.383604e-01   1.000004e-13   2.176005e-04   7.899726e-15   168
  4.395105e-01   1.113287e-13   3.444610e-04   5.177190e-15   504
  4.408036e-01   1.451509e-13   5.298191e-09   1.505730e-14   144
  4.416171e-01   9.660147e-14   2.212265e-04   4.380030e-15   464
  4.428396e-01   1.016724e-13   3.246624e-04   5.218630e-15   432
  4.434197e-01   1.093563e-13   0.000000e+00   8.395719e-15   192
  4.449189e-01   9.491166e-14   2.406833e-04   6.006561e-15   396
  4.458042e-01   8.066267e-14   2.162000e-04   4.514806e-15   288
  4.466990e-01   9.622890e-14   2.135686e-04   5.938872e-15   336
  4.481283e-01   9.550226e-14   1.352359e-04   7.010191e-15   432
  4.490354e-01   8.512512e-14   3.505126e-04   5.142920e-15   360
  4.500539e-01   1.013653e-13   2.073334e-04   5.005852e-15   384
  4.515004e-01   8.792941e-14   1.830116e-04   6.021103e-15   198
  4.521974e-01   8.653476e-14   2.080246e-04   3.994944e-15   552
  4.534970e-01   1.073400e-13   2.912202e-04   5.753114e-15   432
  4.545821e-01   1.046997e-13   6.422377e-09   8.985952e-15   168
  4.554927e-01   1.133877e-13   3.610065e-04   6.413741e-15   480
  4.566974e-01   1.137694e-13   6.357829e-09   1.195081e-14   120
  4.572396e-01   1.069374e-13   2.948545e-04   6.299390e-15   336
  4.585628e-01   8.107779e-14   2.080152e-04   3.438663e-15   672
  4.598711e-01   9.893792e-14   3.025866e-04   4.227377e-15   528
  4.604805e-01   8.168172e-14   0.000000e+00   7.087399e-15   168
  4.618883e-01   8.793168e-14   3.375333e-04   4.776988e-15   456
  4.627474e-01   1.117235e-13   2.061344e-04   1.164162e-14   168
  4.636392e-01   9.858790e-14   2.057643e-04   4.445910e-15   504
  4.651216e-01   7.973669e-14   2.647872e-04   4.010260e-15   336
  4.660180e-01   8.761256e-14   1.908802e-04   5.735462e-15   312
  4.670124e-01   9.295261e-14   1.865029e-04   4.076993e-15   504
  4.683210e-01   8.819846e-14   1.294009e-04   4.264279e-15   432
  4.689362e-01   8.076713e-14   1.999672e-04   5.244997e-15   312
  4.702151e-01   7.573148e-14   2.049761e-04   4.309737e-15   384
  4.715504e-01   1.234839e-13   1.741510e-04   1.367146e-14   126
  4.723748e-01   9.371128e-14   3.057676e-04   5.165572e-15   492
  4.734278e-01   9.849689e-14   1.958445e-04   5.604998e-15   528
  4.747438e-01   9.288121e-14   1.989360e-04   4.858212e-15   480
  4.755596e-01   8.222061e-14   2.748289e-04   4.392823e-15   432
  4.767402e-01   8.279028e-14   2.161166e-04   4.891970e-15   440
  4.781114e-01   8.130917e-14   1.074739e-04   5.903586e-15   312
  4.786259e-01   7.702828e-14   1.610586e-04   4.007543e-15   480
  4.796813e-01   8.391770e-14   3.153497e-04   4.289281e-15   408
  4.812233e-01   9.281275e-14   1.888588e-04   5.953613e-15   360
  4.818747e-01   8.350055e-14   1.822418e-04   5.156463e-15   408
  4.830820e-01   7.569979e-14   1.854542e-04   3.717432e-15   456
  4.844414e-01   8.634487e-14   1.772485e-04   5.289558e-15   264
  4.851959e-01   8.691019e-14   1.923591e-04   4.776623e-15   384
  4.862943e-01   6.884577e-14   3.238501e-04   2.983947e-15   672
  4.875640e-01   8.373405e-14   1.937042e-04   6.646350e-15   240
  4.882967e-01   8.140523e-14   1.965613e-04   5.313591e-15   264
  4.893308e-01   6.637941e-14   2.424259e-04   3.078314e-15   624
  4.908739e-01   5.192852e-14   0.000000e+00   4.082057e-15   150
  4.914232e-01   8.505367e-14   2.716574e-04   3.787873e-15   600
  4.925819e-01   8.435012e-14   1.874909e-04   3.901467e-15   672
  4.938939e-01   7.088131e-14   1.763484e-04   4.270085e-15   336
  4.946248e-01   7.334503e-14   1.918157e-04   3.913924e-15   408
  4.957926e-01   8.311954e-14   1.913639e-04   4.728717e-15   408
  4.970915e-01   8.546561e-14   9.676385e-05   5.751923e-15   360
  4.978921e-01   7.611485e-14   3.552857e-04   4.516427e-15   456
  4.988592e-01   7.763080e-14   1.932065e-04   4.867842e-15   384
  5.000902e-01   5.646883e-14   1.783541e-04   3.341492e-15   348
  5.007554e-01   7.944147e-14   2.198754e-04   3.817142e-15   576
  5.020050e-01   6.868225e-14   1.810385e-04   3.638617e-15   504
  5.032833e-01   7.279768e-14   2.553443e-04   3.566420e-15   432
  5.043991e-01   7.536875e-14   3.473946e-04   3.964959e-15   576
  5.051948e-01   6.417493e-14   8.173934e-09   5.350392e-15   264
  5.064571e-01   5.865490e-14   2.764393e-04   2.280045e-15   768
  5.075549e-01   6.212742e-14   3.721752e-04   3.897671e-15   240
  5.084277e-01   6.567513e-14   3.282233e-04   6.915154e-15   192
  5.096990e-01   6.149368e-14   2.416124e-04   3.449109e-15   504
  5.106418e-01   7.958237e-14   3.255818e-04   4.379313e-15   590
  5.115460e-01   7.401877e-14   3.647966e-04   5.007235e-15   384
  5.126798e-01   7.550079e-14   3.048625e-04   4.137917e-15   504
  5.140486e-01   7.128187e-14   2.933830e-04   3.561776e-15   648
  5.153764e-01   6.225701e-14   7.967896e-05   3.272080e-15   504
  5.159117e-01   6.140190e-14   1.817627e-04   4.390378e-15   312
  5.168569e-01   7.031966e-14   2.618753e-04   3.634330e-15   576
  5.181545e-01   6.686974e-14   1.822405e-04   5.189772e-15   240
  5.189109e-01   6.412196e-14   1.841453e-04   2.715915e-15   552
  5.199816e-01   6.574545e-14   1.729082e-04   3.140162e-15   600
  5.215067e-01   6.347308e-14   2.111937e-04   3.380844e-15   600
  5.224237e-01   6.527268e-14   3.382099e-04   4.450170e-15   312
  5.233368e-01   6.841381e-14   2.945474e-04   3.363652e-15   480
  5.244775e-01   5.858082e-14   1.837693e-04   2.658578e-15   576
  5.254818e-01   6.456013e-14   2.959085e-04   4.353788e-15   408
  5.263729e-01   5.059718e-14   3.451909e-04   4.132033e-15   216
  5.275243e-01   6.102829e-14   2.643774e-04   3.369342e-15   516
  5.287578e-01   6.062984e-14   2.522429e-04   2.544358e-15   744
  5.300304e-01   7.411353e-14   1.684760e-04   4.117276e-15   462
  5.307494e-01   6.123246e-14   1.712315e-04   3.543407e-15   432
  5.318647e-01   6.487899e-14   1.588547e-04   3.380074e-15   648
  5.331761e-01   6.304018e-14   2.324340e-04   3.836830e-15   528
  5.342295e-01   7.055689e-14   2.799086e-04   3.361985e-15   600
  5.352820e-01   9.034075e-14   3.528915e-04   8.529740e-15   240
  5.363014e-01   5.885409e-14   2.703115e-04   2.957696e-15   720
  5.374863e-01   6.687019e-14   2.138653e-04   3.814178e-15   720
  5.387997e-01   3.834744e-14   0.000000e+00   3.316832e-15   144
  5.394909e-01   6.199085e-14   2.757364e-04   3.035585e-15   720
  5.404742e-01   5.355328e-14   1.653370e-04   2.910730e-15   384
  5.417051e-01   5.916843e-14   1.832848e-04   2.546611e-15   672
  5.428730e-01   7.229741e-14   3.209115e-04   6.419568e-15   336
  5.434308e-01   5.055564e-14   7.492773e-09   3.536836e-15   288
  5.447967e-01   5.332897e-14   2.539800e-04   2.433325e-15   776
  5.460612e-01   5.473124e-14   2.173184e-04   2.936553e-15   720
  5.471231e-01   4.383763e-14   1.750659e-04   2.285919e-15   432
  5.479725e-01   5.841337e-14   2.495786e-04   3.170865e-15   504
  5.489174e-01   6.225911e-14   1.748652e-04   3.725450e-15   528
  5.502396e-01   6.676190e-14   2.382437e-04   4.526545e-15   438
  5.513273e-01   6.161371e-14   2.772938e-04   3.146765e-15   624
  5.521470e-01   6.165812e-14   3.396475e-04   4.487188e-15   312
  5.532738e-01   6.160596e-14   1.829935e-04   3.006188e-15   696
  5.544390e-01   5.662546e-14   1.655760e-04   3.284113e-15   552
  5.556509e-01   5.559157e-14   1.281006e-04   3.026355e-15   516
  5.564006e-01   6.833615e-14   2.558713e-04   3.805283e-15   528
  5.573133e-01   4.465490e-14   1.664001e-04   2.242571e-15   528
  5.586097e-01   5.399664e-14   2.194479e-04   2.813083e-15   864
  5.594897e-01   5.554101e-14   3.005985e-04   4.483278e-15   408
  5.603706e-01   6.668409e-14   2.978186e-04   5.107569e-15   192
  5.616191e-01   5.076432e-14   2.464592e-04   2.257813e-15   720
  5.626731e-01   5.795196e-14   2.272475e-04   2.812636e-15   696
  5.639255e-01   5.238030e-14   2.454294e-04   2.936552e-15   720
  5.650713e-01   5.471162e-14   3.326501e-04   3.169100e-15   432
  5.657395e-01   4.867867e-14   1.958109e-04   3.061342e-15   264
  5.669418e-01   5.021299e-14   2.704061e-04   2.795998e-15   672
  5.680171e-01   4.581909e-14   2.768544e-04   2.615434e-15   600
  5.692933e-01   4.008860e-14   1.620980e-04   2.576605e-15   270
  5.699366e-01   4.792519e-14   2.440026e-04   2.904331e-15   528
  5.709591e-01   5.812736e-14   1.670843e-04   2.760453e-15   840
  5.723613e-01   6.228721e-14   3.194952e-04   3.220702e-15   888
  5.736568e-01   4.627157e-14   2.380474e-04   2.305821e-15   744
  5.747517e-01   5.034565e-14   1.223216e-04   2.760365e-15   456
  5.752963e-01   7.804714e-14   1.671601e-04   4.468394e-15   360
  5.762282e-01   4.709881e-14   1.448348e-04   3.186801e-15   384
  5.776580e-01   5.484064e-14   2.323137e-04   2.513556e-15   816
  5.787308e-01   5.577829e-14   3.370546e-04   3.054391e-15   824
  5.800348e-01   4.151701e-14   1.566791e-04   2.620119e-15   360
  5.807331e-01   4.918686e-14   2.311994e-04   2.395137e-15   624
  5.816941e-01   6.172099e-14   1.562320e-04   3.595219e-15   360
  5.829744e-01   4.843344e-14   2.125215e-04   2.346046e-15   876
  5.841306e-01   4.635997e-14   2.524119e-04   2.255932e-15   696
  5.852967e-01   3.603632e-14   1.629911e-04   2.148677e-15   336
  5.859080e-01   5.078339e-14   1.628079e-04   2.882315e-15   504
  5.869176e-01   4.480788e-14   1.642187e-04   2.711507e-15   672
  5.884155e-01   4.560976e-14   3.269213e-04   2.316092e-15   720
  5.894543e-01   5.443760e-14   2.469541e-04   3.609498e-15   774
  5.906010e-01   7.011349e-14   1.413501e-04   6.203646e-15   384
  5.912015e-01   4.895447e-14   2.720183e-04   3.017560e-15   528
  5.921335e-01   6.045197e-14   2.592486e-04   4.309585e-15   744
  5.936327e-01   5.020143e-14   2.138251e-04   2.320299e-15   768
  5.946281e-01   5.310163e-14   2.400348e-04   4.390515e-15   552
  5.958700e-01   4.657067e-14   2.616108e-04   2.241020e-15   696
  5.967938e-01   6.918062e-14   3.179026e-04   5.582807e-15   408
  5.975272e-01   5.224550e-14   1.373364e-04   2.953673e-15   504
  5.986899e-01   4.628708e-14   2.467198e-04   1.734504e-15   888
  5.998339e-01   4.307871e-14   2.564132e-04   2.168252e-15   648
  6.010230e-01   4.488065e-14   2.542153e-04   2.746816e-15   648
  6.021418e-01   4.707285e-14   2.741064e-04   2.558923e-15   792
  6.033268e-01   4.548495e-14   4.010364e-04   2.553733e-15   600
  6.042000e-01   3.633881e-14   2.717856e-04   2.105986e-15   456
  6.051191e-01   5.094844e-14   1.324567e-04   2.850802e-15   648
  6.062996e-01   4.344559e-14   2.583099e-04   1.938677e-15   936
  6.075741e-01   5.293470e-14   1.586356e-04   3.130214e-15   384
  6.086836e-01   4.113370e-14   0.000000e+00   5.544582e-15   198
  6.095398e-01   4.885675e-14   4.024720e-04   1.953387e-15   1224
  6.104634e-01   5.655227e-14   2.931235e-04   4.040444e-15   420
  6.115558e-01   5.990565e-14   2.836822e-04   3.716529e-15   792
  6.126238e-01   4.638101e-14   2.345810e-04   2.549851e-15   680
  6.138428e-01   5.351619e-14   2.154033e-04   3.674577e-15   600
  6.148235e-01   5.610201e-14   3.123938e-04   3.078747e-15   840
  6.161330e-01   3.986740e-14   1.474979e-04   2.288990e-15   432
  6.166334e-01   6.343677e-14   1.382249e-04   4.080292e-15   720
  6.177213e-01   4.225428e-14   2.768404e-04   1.711928e-15   960
  6.190745e-01   4.415910e-14   2.467829e-04   3.098718e-15   528
  6.200634e-01   4.015718e-14   2.522592e-04   2.186978e-15   624
  6.212404e-01   4.875772e-14   1.982740e-04   2.671243e-15   816
  6.224086e-01   4.087786e-14   3.260658e-04   2.252863e-15   696
  6.236996e-01   3.540717e-14   8.991328e-09   2.975250e-15   240
  6.241851e-01   4.144135e-14   1.922888e-04   2.472135e-15   672
  6.252686e-01   4.219292e-14   3.436476e-04   2.173853e-15   864
  6.264840e-01   3.358586e-14   2.636938e-04   1.511322e-15   816
  6.275795e-01   3.640492e-14   1.509292e-04   2.042644e-15   648
  6.287594e-01   5.925424e-14   1.542771e-04   3.182354e-15   843
  6.297611e-01   4.053601e-14   2.775825e-04   2.436151e-15   780
  6.309548e-01   5.414027e-14   1.489456e-04   8.026681e-15   216
  6.316911e-01   4.529901e-14   3.591661e-04   2.229921e-15   1056
  6.328235e-01   3.677932e-14   2.938382e-04   3.810000e-15   228
  6.338720e-01   4.655114e-14   3.658358e-04   2.472251e-15   924
  6.349484e-01   4.906688e-14   1.357046e-04   2.561840e-15   696
  6.360882e-01   4.039156e-14   2.415153e-04   2.134718e-15   996
  6.372543e-01   3.428982e-14   1.425858e-04   2.222390e-15   576
  6.384675e-01   3.932190e-14   2.200718e-04   2.267261e-15   552
  6.393519e-01   5.074421e-14   2.627580e-04   3.424479e-15   516
  6.402494e-01   4.304251e-14   3.821047e-04   2.155589e-15   744
  6.412749e-01   3.241250e-14   1.874451e-04   1.710686e-15   576
  6.421669e-01   3.790189e-14   1.929285e-04   1.960624e-15   792
  6.434346e-01   3.571158e-14   2.205530e-04   2.067061e-15   792
  6.443636e-01   4.031383e-14   2.378641e-04   2.157777e-15   720
  6.456200e-01   4.167568e-14   2.711104e-04   2.673195e-15   656
  6.467974e-01   3.379106e-14   2.960385e-04   1.481198e-15   816
  6.480043e-01   3.768425e-14   1.596190e-04   2.569011e-15   492
  6.486903e-01   3.555758e-14   2.296231e-04   2.102921e-15   552
  6.499778e-01   3.114007e-14   3.992867e-04   1.543994e-15   780
  6.508139e-01   3.657465e-14   2.452771e-04   2.096706e-15   528
  6.517148e-01   2.863125e-14   2.863130e-04   1.504497e-15   600
  6.530425e-01   4.080949e-14   2.379487e-04   1.633430e-15   900
  6.539577e-01   3.424975e-14   1.317325e-04   2.033033e-15   696
  6.552168e-01   3.392079e-14   3.330907e-04   2.036286e-15   696
  6.564349e-01   2.810389e-14   1.351317e-04   1.397188e-15   552
  6.574592e-01   2.699438e-14   1.571457e-04   1.290144e-15   708
  6.585322e-01   3.023560e-14   2.594565e-04   1.315139e-15   876
  6.596487e-01   3.342239e-14   1.377663e-04   2.795349e-15   216
  6.603980e-01   3.089298e-14   3.768094e-04   1.151114e-15   1032
  6.615201e-01   2.984914e-14   4.195357e-04   1.819464e-15   600
  6.626848e-01   2.143154e-14   2.001869e-04   1.100501e-15   600
  6.635732e-01   3.044344e-14   3.535112e-04   1.480153e-15   528
  6.646233e-01   2.846714e-14   1.940622e-04   1.577003e-15   732
  6.657296e-01   2.986111e-14   1.432973e-04   2.038925e-15   336
  6.670031e-01   2.789844e-14   2.042271e-04   1.064111e-15   912
  6.679548e-01   2.554345e-14   2.049821e-04   1.164038e-15   624
  6.689946e-01   2.780315e-14   1.727341e-04   1.209151e-15   768
  6.702082e-01   2.638381e-14   3.116463e-04   1.099220e-15   792
  6.713995e-01   2.733881e-14   1.545014e-04   1.466965e-15   660
  6.722471e-01   2.800043e-14   2.276826e-04   1.682460e-15   504
  6.731238e-01   2.236234e-14   3.719898e-04   1.109560e-15   480
  6.744376e-01   2.314017e-14   3.440421e-04   8.577313e-16   912
  6.754664e-01   2.365938e-14   3.831443e-04   1.433755e-15   432
  6.764380e-01   2.507050e-14   2.275021e-04   1.296557e-15   564
  6.773006e-01   2.402028e-14   2.177508e-04   1.337861e-15   600
  6.785149e-01   2.578245e-14   3.035240e-04   9.710339e-16   876
  6.794272e-01   2.831803e-14   1.364735e-04   2.339400e-15   264
  6.806846e-01   2.236141e-14   2.648123e-04   1.059334e-15   560
  6.816953e-01   2.241292e-14   1.799457e-04   8.595765e-16   840
  6.829222e-01   2.200118e-14   2.774244e-04   8.129938e-16   1008
  6.840568e-01   2.127763e-14   1.241010e-04   1.084506e-15   456
  6.850930e-01   2.694738e-14   1.607553e-04   1.354223e-15   576
  6.860509e-01   2.041355e-14   2.470177e-04   8.833166e-16   612
  6.873140e-01   2.256785e-14   2.206269e-04   9.572957e-16   780
  6.883444e-01   2.323961e-14   2.528284e-04   1.035037e-15   648
  6.893992e-01   2.157336e-14   1.178213e-04   1.307577e-15   312
  6.900734e-01   1.936682e-14   2.993645e-04   9.053184e-16   528
  6.912414e-01   1.753169e-14   3.909551e-04   6.637019e-16   720
  6.923583e-01   1.897373e-14   3.921794e-04   9.479072e-16   576
  6.937124e-01   2.022634e-14   3.383053e-04   1.211048e-15   444
  6.945549e-01   2.036113e-14   3.317685e-04   7.441215e-16   996
  6.955874e-01   1.675774e-14   2.771265e-04   8.259708e-16   432
  6.965633e-01   2.269299e-14   3.033990e-04   1.161626e-15   504
  6.974062e-01   1.817695e-14   1.367883e-04   8.720370e-16   504
  6.986065e-01   2.091363e-14   2.692009e-04   7.587663e-16   876
  6.996926e-01   1.774643e-14   3.098246e-04   8.282750e-16   504
  7.008236e-01   1.774773e-14   1.975899e-04   7.380397e-16   696
  7.017583e-01   1.858411e-14   1.689187e-04   9.404896e-16   492
  7.030300e-01   1.864334e-14   2.418152e-04   1.064902e-15   432
  7.039719e-01   1.979376e-14   2.264335e-04   8.977637e-16   768
  7.050885e-01   1.868796e-14   2.820533e-04   9.769021e-16   648
  7.061547e-01   1.796446e-14   1.840095e-04   1.186824e-15   456
  7.073798e-01   1.554500e-14   2.530430e-04   7.030070e-16   552
  7.082306e-01   1.892371e-14   1.734358e-04   8.783909e-16   648
  7.094016e-01   1.857766e-14   2.826907e-04   8.011107e-16   840
  7.105454e-01   1.716229e-14   1.348092e-04   8.682627e-16   432
  7.116906e-01   1.767381e-14   1.651183e-04   9.209365e-16   600
  7.124870e-01   1.775679e-14   1.759227e-04   8.773120e-16   432
  7.138248e-01   1.696060e-14   1.751482e-04   8.432899e-16   560
  7.147308e-01   1.675381e-14   2.772412e-04   6.713937e-16   840
  7.158652e-01   1.499285e-14   1.642140e-04   7.000497e-16   504
  7.167662e-01   1.400581e-14   3.351509e-04   6.114345e-16   696
  7.180362e-01   2.097871e-14   1.830475e-04   1.286648e-15   384
  7.190254e-01   1.475808e-14   2.681431e-04   6.079257e-16   576
  7.202219e-01   1.408239e-14   1.654845e-04   6.638782e-16   360
  7.211864e-01   1.694311e-14   2.464465e-04   6.866112e-16   828
  7.222268e-01   1.489585e-14   2.195064e-04   7.823471e-16   372
  7.231800e-01   1.531009e-14   3.352284e-04   7.497309e-16   576
  7.244428e-01   1.432133e-14   1.403933e-04   6.126585e-16   636
  7.253425e-01   1.841241e-14   2.706420e-04   7.884309e-16   648
  7.265596e-01   1.432370e-14   2.200024e-04   6.854252e-16   576
  7.274333e-01   1.502271e-14   3.548870e-04   7.356692e-16   528
  7.285953e-01   1.449108e-14   1.517289e-04   7.590951e-16   360
  7.295571e-01   1.438364e-14   3.490332e-04   6.063567e-16   672
  7.308130e-01   1.685835e-14   1.787806e-04   7.138361e-16   804
  7.318582e-01   1.546206e-14   1.972163e-04   8.268506e-16   408
  7.330145e-01   1.491900e-14   1.219011e-04   7.434023e-16   384
  7.337931e-01   1.297221e-14   2.789567e-04   7.065446e-16   480
  7.348913e-01   1.367361e-14   1.802469e-04   7.713153e-16   432
  7.359446e-01   1.640665e-14   3.321566e-04   7.357164e-16   648
  7.371913e-01   1.383541e-14   2.061016e-04   6.190651e-16   624
  7.381033e-01   1.466793e-14   1.874668e-04   7.431359e-16   456
  7.393486e-01   1.397278e-14   2.560963e-04   6.613079e-16   588
  7.401831e-01   1.266238e-14   1.633884e-04   5.644190e-16   600
  7.414016e-01   1.559086e-14   2.548458e-04   6.614563e-16   708
  7.423640e-01   1.524775e-14   1.605479e-04   8.350326e-16   360
  7.434275e-01   1.551005e-14   1.845541e-04   7.737393e-16   552
  7.444470e-01   1.198006e-14   1.294691e-04   8.214103e-16   288
  7.454820e-01   1.424557e-14   2.434372e-04   6.952290e-16   528
  7.464545e-01   1.494794e-14   1.642340e-04   6.779163e-16   456
  7.475410e-01   1.441652e-14   2.912225e-04   6.147231e-16   608
  7.486338e-01   1.138734e-14   1.408967e-04   5.552188e-16   504
  7.498278e-01   1.076720e-14   3.024972e-04   5.227570e-16   540
  7.507642e-01   1.486339e-14   3.247222e-04   8.685775e-16   360
  7.517735e-01   1.419888e-14   1.470509e-04   6.508835e-16   540
  7.526661e-01   1.333288e-14   1.262606e-04   6.487844e-16   576
  7.539642e-01   1.299648e-14   2.927555e-04   5.657567e-16   588
  7.551985e-01   1.233150e-14   4.039143e-04   5.088496e-16   672
  7.562588e-01   1.232850e-14   3.087151e-04   5.628609e-16   552
  7.571135e-01   1.059008e-14   3.088712e-04   9.103494e-16   144
  7.582042e-01   1.312501e-14   2.624178e-04   6.470019e-16   600
  7.592383e-01   1.053096e-14   3.288668e-04   5.834228e-16   504
  7.603860e-01   1.151078e-14   3.378126e-04   6.628450e-16   336
  7.615932e-01   1.179839e-14   3.797028e-04   4.856693e-16   600
  7.626744e-01   9.536459e-15   2.450478e-04   3.985033e-16   636
  7.638413e-01   1.173252e-14   1.970206e-04   7.641025e-16   384
  7.646595e-01   1.433302e-14   2.748205e-04   7.341528e-16   504
  7.658387e-01   1.247895e-14   1.153383e-04   8.360736e-16   240
  7.667694e-01   1.369111e-14   2.709461e-04   6.022262e-16   744
  7.678860e-01   1.131390e-14   1.850150e-04   4.939724e-16   648
  7.688783e-01   2.203166e-14   1.228185e-04   1.735565e-15   120
  7.700414e-01   1.227359e-14   1.929319e-04   5.487743e-16   564
  7.709202e-01   1.421319e-14   3.030111e-04   7.208815e-16   432
  7.720932e-01   1.021618e-14   2.351965e-04   5.119071e-16   480
  7.729764e-01   1.009314e-14   1.731106e-04   5.113119e-16   456
  7.740189e-01   1.228176e-14   2.864725e-04   7.066173e-16   444
  7.752020e-01   9.503910e-15   4.383180e-04   4.351665e-16   528
  7.762412e-01   1.097538e-14   3.255297e-04   7.698242e-16   264
  7.772498e-01   1.197415e-14   3.336195e-04   5.884560e-16   444
  7.786065e-01   1.170773e-14   3.654311e-04   4.410596e-16   696
  7.797327e-01   1.256579e-14   1.954448e-04   6.361437e-16   384
  7.805563e-01   1.062513e-14   2.469609e-04   5.087757e-16   432
  7.818373e-01   1.107455e-14   1.706384e-04   5.145693e-16   488
  7.826690e-01   1.193336e-14   2.571733e-04   6.606992e-16   480
  7.838749e-01   1.064280e-14   2.868014e-04   5.483636e-16   480
  7.848089e-01   1.154729e-14   1.203331e-04   8.661068e-16   240
  7.858692e-01   1.233237e-14   2.810886e-04   6.208446e-16   600
  7.868694e-01   9.313966e-15   2.449399e-04   6.521912e-16   288
  7.879343e-01   1.045375e-14   2.356143e-04   5.455766e-16   480
  7.890129e-01   9.249558e-15   4.191157e-04   4.608084e-16   504
  7.900748e-01   1.061047e-14   1.798267e-04   8.031326e-16   216
  7.914291e-01   1.148707e-14   2.944050e-04   6.077807e-16   504
  7.924838e-01   9.424455e-15   2.367912e-04   4.528233e-16   456
  7.936384e-01   1.168525e-14   1.358038e-04   6.196808e-16   384
  7.944031e-01   1.114619e-14   2.756326e-04   5.285704e-16   480
  7.954897e-01   8.207852e-15   2.420363e-04   3.904500e-16   504
  7.964966e-01   1.026514e-14   1.535327e-04   6.495724e-16   312
  7.975815e-01   1.043870e-14   2.474127e-04   5.775644e-16   492
  7.985417e-01   9.916651e-15   2.318919e-04   6.254884e-16   312
  7.997779e-01   9.404282e-15   3.766899e-04   4.706436e-16   576
  8.008661e-01   1.045997e-14   3.477153e-04   5.765925e-16   336
  8.017699e-01   7.543989e-15   2.677247e-04   5.610895e-16   240
  8.030228e-01   1.068116e-14   3.549351e-04   4.911127e-16   468
  8.041047e-01   7.838953e-15   2.222407e-04   6.616864e-16   192
  8.052370e-01   8.808125e-15   2.229031e-04   5.324534e-16   324
  8.060669e-01   9.376255e-15   1.617794e-04   4.424852e-16   600
  8.071978e-01   1.097864e-14   2.624704e-04   5.755857e-16   456
  8.080377e-01   9.895347e-15   1.180592e-04   6.099142e-16   336
  8.094297e-01   1.005395e-14   3.535027e-04   4.432475e-16   612
  8.104424e-01   7.176341e-15   2.966749e-04   7.284027e-16   144
  8.114002e-01   1.070689e-14   3.462957e-04   4.427038e-16   552
  8.127025e-01   8.855989e-15   1.363755e-04   5.854865e-16   264
  8.134384e-01   1.001065e-14   3.157441e-04   5.943527e-16   336
  8.145992e-01   8.291475e-15   2.086329e-04   4.377109e-16   384
  8.156059e-01   9.954195e-15   1.174397e-04   7.489012e-16   216
  8.167203e-01   7.706371e-15   2.489964e-04   4.406927e-16   344
  8.177364e-01   8.540237e-15   3.715143e-04   4.624571e-16   408
  8.189746e-01   8.145293e-15   2.854845e-04   4.775374e-16   264
  8.200718e-01   7.945640e-15   3.979796e-04   3.287575e-16   612
  8.211681e-01   9.508987e-15   2.048307e-04   5.174646e-16   408
  8.222956e-01   8.333426e-15   2.051251e-04   4.515420e-16   444
  8.231239e-01   1.269771e-14   1.147249e-04   1.224721e-15   120
  8.242338e-01   8.968406e-15   3.169640e-04   5.588640e-16   336
  8.250576e-01   7.149245e-15   1.101437e-04   4.886788e-16   288
  8.261708e-01   9.876229e-15   3.427692e-04   4.741965e-16   552
  8.277012e-01   9.810480e-15   1.835347e-08   1.185238e-15   72
  8.284882e-01   8.988330e-15   3.404572e-04   4.472911e-16   504
  8.294074e-01   7.328040e-15   1.095558e-04   5.421765e-16   216
  8.305983e-01   8.626556e-15   1.956043e-04   5.689727e-16   312
  8.316675e-01   7.671361e-15   2.227263e-04   4.790237e-16   336
  8.326865e-01   7.481877e-15   3.087236e-04   4.962545e-16   204
  8.337014e-01   8.929175e-15   3.587838e-04   4.534199e-16   504
  8.347777e-01   1.121006e-14   3.416652e-04   8.067116e-16   396
  8.358127e-01   8.500478e-15   3.133249e-04   5.183774e-16   312
  8.370674e-01   1.179734e-14   1.914750e-04   7.219353e-16   216
  8.379516e-01   8.066108e-15   1.039172e-04   7.760578e-16   168
  8.390260e-01   8.345467e-15   2.623966e-04   3.942567e-16   588
  8.402521e-01   7.925806e-15   3.561727e-04   7.127540e-16   240
  8.412047e-01   6.741623e-15   3.145601e-04   5.082852e-16   264
  8.423219e-01   8.237404e-15   3.890183e-04   5.581500e-16   288
  8.433131e-01   7.607029e-15   1.942596e-04   4.545393e-16   288
  8.445693e-01   7.345314e-15   1.824407e-04   4.578947e-16   288
  8.454153e-01   7.465834e-15   2.113423e-04   5.626708e-16   192
  8.464795e-01   6.391899e-15   2.248894e-04   4.109024e-16   264
  8.474933e-01   9.579532e-15   3.699119e-04   5.115172e-16   372
  8.485844e-01   1.110656e-14   3.995208e-04   7.746195e-16   360
  8.499161e-01   1.121081e-14   1.690810e-04   1.402441e-15   144
  8.506044e-01   6.855828e-15   2.348461e-04   4.639830e-16   296
  8.516909e-01   6.697395e-15   2.530345e-04   4.556596e-16   288
  8.529347e-01   8.245146e-15   3.781537e-04   4.905201e-16   480
  8.540076e-01   7.019686e-15   3.142096e-04   5.407272e-16   192
  8.550509e-01   7.457171e-15   3.370327e-04   6.328177e-16   192
  8.559992e-01   6.469083e-15   2.147949e-04   4.094068e-16   288
  8.573180e-01   5.465812e-15   1.869760e-04   4.694839e-16   108
  8.579823e-01   8.838845e-15   1.797545e-04   6.794382e-16   240
  8.591554e-01   6.193364e-15   3.353363e-04   3.793004e-16   384
  8.603605e-01   8.631256e-15   4.090723e-04   9.785706e-16   108
  8.614261e-01   1.003737e-14   2.398466e-04   6.810662e-16   348
  8.625466e-01   7.520017e-15   2.503134e-04   5.700175e-16   312
  8.635474e-01   7.116878e-15   2.432319e-04   7.982504e-16   96
  8.644677e-01   7.490074e-15   3.238194e-04   5.988768e-16   384
  8.654984e-01   7.278551e-15   2.227222e-04   7.557307e-16   144
  8.665066e-01   6.736661e-15   3.422225e-04   4.711720e-16   408
  8.677598e-01   5.501313e-15   1.526554e-04   4.651922e-16   144
  8.689437e-01   7.204716e-15   2.934816e-04   5.474236e-16   192
  8.696459e-01   8.282425e-15   3.303190e-04   7.375528e-16   144
  8.707904e-01   5.824681e-15   2.685615e-04   3.814009e-16   144
  8.718702e-01   7.081172e-15   3.282257e-04   4.927212e-16   336
  8.731927e-01   4.917008e-15   2.428454e-04   2.819576e-16   240
  8.740312e-01   7.412780e-15   1.102739e-04   8.379462e-16   96
  8.752007e-01   7.519683e-15   3.233803e-04   5.321452e-16   372
  8.763838e-01   6.277610e-15   3.846540e-04   6.800906e-16   132
  8.774230e-01   4.448211e-15   2.380193e-04   2.702269e-16   264
  8.783527e-01   8.118097e-15   1.827880e-04   8.621920e-16   168
  8.793449e-01   6.827743e-15   2.922429e-04   5.805492e-16   216
  8.802213e-01   5.594262e-15   1.787978e-04   4.419598e-16   216
  8.814979e-01   4.223515e-15   3.280196e-04   3.642267e-16   96
  8.826561e-01   8.616579e-15   2.140028e-04   1.008189e-15   120
  8.837183e-01   7.036649e-15   2.720578e-04   5.766813e-16   216
  8.845934e-01   5.423533e-15   1.188902e-04   3.988070e-16   200
  8.857519e-01   6.236312e-15   3.077557e-04   3.902262e-16   288
  8.872378e-01   4.331693e-15   8.097649e-05   4.026215e-16   144
  8.878635e-01   5.468788e-15   2.519939e-04   5.666024e-16   168
  8.891412e-01   6.355203e-15   2.835956e-04   7.079099e-16   159
  8.901386e-01   6.732596e-15   2.975600e-04   5.038813e-16   174
  8.911039e-01   5.876425e-15   2.698170e-04   5.451808e-16   144
  8.923678e-01   6.316685e-15   1.557998e-04   4.927794e-16   222
  8.932131e-01   5.339442e-15   1.572158e-04   4.553211e-16   168
  8.946732e-01   8.666010e-15   3.448346e-04   1.367254e-15   30
  8.952763e-01   3.320671e-15   3.044637e-04   3.277429e-16   72
  8.964123e-01   5.485274e-15   2.717302e-04   3.191987e-16   258
  8.976612e-01   5.694007e-15   1.701916e-04   4.198481e-16   264
  8.982857e-01   4.975021e-15   0.000000e+00   7.629171e-16   72
  8.995871e-01   4.777301e-15   3.373270e-04   3.561644e-16   174
  9.007654e-01   6.196099e-15   3.591909e-04   5.784206e-16   168
  9.017127e-01   3.532028e-15   1.123916e-08   4.036667e-16   48
  9.027297e-01   4.995751e-15   2.028435e-04   4.678233e-16   150
  9.039088e-01   5.923563e-15   3.731453e-04   4.355579e-16   168
  9.050911e-01   4.988187e-15   2.273028e-04   4.696109e-16   144
  9.061784e-01   6.484550e-15   2.123525e-04   9.373223e-16   102
  9.069882e-01   4.071084e-15   3.143182e-04   4.902705e-16   96
  9.082731e-01   4.456180e-15   3.119397e-04   4.925656e-16   120
  9.092246e-01   4.487787e-15   3.345635e-04   3.798947e-16   168
  9.102538e-01   5.326046e-15   2.470487e-04   5.047370e-16   126
  9.111308e-01   5.503788e-15   1.863241e-04   5.388873e-16   168
  9.123389e-01   4.528386e-15   2.987709e-04   5.587581e-16   72
  9.133947e-01   4.375380e-15   3.741278e-04   2.833682e-16   168
  9.143196e-01   4.549889e-15   1.025668e-04   6.554748e-16   78
  9.155870e-01   3.421505e-15   1.684070e-04   4.005206e-16   60
  9.166075e-01   6.236834e-15   2.731835e-04   5.236274e-16   96
  9.176659e-01   4.193140e-15   3.314854e-04   3.165368e-16   168
  9.186605e-01   4.903318e-15   2.097511e-04   5.094646e-16   86
  9.197042e-01   2.586830e-15   1.874678e-04   2.332700e-16   120
  9.212002e-01   4.655997e-15   1.336894e-04   4.498909e-16   168
  9.220069e-01   3.833436e-15   0.000000e+00   4.806833e-16   48
  9.230934e-01   4.366538e-15   2.435676e-04   3.696101e-16   120
  9.237177e-01   3.504733e-15   1.776924e-04   3.381588e-16   126
  9.252418e-01   3.767233e-15   3.125113e-04   3.251558e-16   96
  9.262310e-01   4.834669e-15   9.011285e-05   4.305809e-16   96
  9.270111e-01   4.592853e-15   0.000000e+00   5.088892e-16   72
  9.286731e-01   6.966379e-15   1.123916e-08   2.414401e-15   24
  9.297104e-01   3.858614e-15   1.854501e-04   3.803966e-16   120
  9.305196e-01   3.951343e-15   2.705147e-04   3.422711e-16   126
  9.314194e-01   4.036938e-15   2.255107e-04   3.523496e-16   96
  9.324708e-01   3.285786e-15   3.897482e-04   3.008868e-16   72
  9.336415e-01   3.692299e-15   1.685792e-04   3.370001e-16   144
  9.346046e-01   4.096299e-15   9.723254e-05   4.366378e-16   72
  9.355666e-01   3.156990e-15   1.942081e-04   3.698331e-16   54
  9.364132e-01   3.669993e-15   1.711436e-04   3.207374e-16   108
  9.381728e-01   4.172484e-15   1.677650e-04   3.823826e-16   72
  9.387206e-01   5.165807e-15   9.680617e-05   5.475669e-16   72
  9.400202e-01   3.901318e-15   1.946680e-08   6.137940e-16   24
  9.412498e-01   4.076713e-15   2.047976e-04   4.580778e-16   48
  9.419964e-01   4.019681e-15   1.560029e-04   5.541107e-16   102
  9.431203e-01   3.861007e-15   3.528137e-04   3.053450e-16   168
  9.445889e-01   3.904067e-15   1.924163e-04   4.161366e-16   72
  9.451330e-01   2.696343e-15   0.000000e+00   4.458545e-16   48
  9.462744e-01   3.851329e-15   3.309678e-04   3.554237e-16   120
  9.477807e-01   2.960074e-15   2.033864e-04   2.322854e-16   96
  9.492033e-01   4.300196e-15   2.202416e-08   8.082575e-16   30
  9.508942e-01   3.530829e-15   9.555995e-05   3.883529e-16   72
  9.516372e-01   1.054628e-15   1.123916e-08   2.403711e-16   24
  9.525916e-01   3.668046e-15   1.416435e-04   4.495919e-16   56
  9.536606e-01   3.228965e-15   2.021324e-04   3.475785e-16   96
  9.549399e-01   3.230060e-15   2.232036e-04   2.460441e-16   144
  9.559263e-01   3.910695e-15   1.267263e-04   4.586578e-16   54
  9.573592e-01   3.739959e-15   1.898493e-04   3.293589e-16   108
  9.588012e-01   4.860140e-15   1.005243e-04   6.309210e-16   48
  9.601739e-01   4.090466e-15   3.785063e-04   6.088547e-16   72
  9.634680e-01   2.710236e-15   2.500803e-04   2.595036e-16   78
  9.643808e-01   2.762711e-15   1.884669e-04   3.969161e-16   72
  9.654462e-01   4.362640e-15   1.882329e-04   4.490656e-16   72
  9.665603e-01   4.254955e-15   4.542266e-04   3.846006e-16   96
  9.674408e-01   4.323779e-15   1.878449e-04   5.138209e-16   72
  9.685029e-01   4.314470e-15   0.000000e+00   6.428802e-16   24
  9.695638e-01   3.261760e-15   3.748416e-04   2.555100e-16   72
  9.719599e-01   4.660295e-15   2.380359e-04   7.812408e-16   30
  9.724755e-01   4.098599e-15   0.000000e+00   9.741175e-16   24
  9.752466e-01   4.105868e-15   1.976584e-04   7.186966e-16   48
  9.761159e-01   2.642208e-15   4.253608e-04   2.398496e-16   120
  9.772870e-01   3.893979e-15   1.859776e-04   5.998298e-16   72
  9.784697e-01   3.115192e-15   1.857528e-04   5.514919e-16   36
  9.792826e-01   3.604903e-15   3.671339e-04   3.792150e-16   78
  9.815513e-01   3.121165e-15   1.963888e-04   3.306544e-16   48
  9.844928e-01   3.953022e-15   1.589457e-08   7.650642e-16   24
  9.865884e-01   2.874695e-15   1.367612e-04   4.012689e-16   56
  9.876436e-01   3.312939e-15   2.104496e-04   3.510016e-16   102
  9.889860e-01   3.195686e-15   1.498555e-08   3.569918e-16   72
  9.897653e-01   4.332478e-15   0.000000e+00   1.101214e-15   24
  9.911277e-01   3.720947e-15   1.944913e-04   4.204058e-16   48
  9.936528e-01   2.553945e-15   0.000000e+00   4.911553e-16   24
  9.967520e-01   2.482509e-15   0.000000e+00   1.186748e-15   6
  9.977185e-01   1.898201e-15   0.000000e+00   3.613168e-16   24
  9.983623e-01   3.614987e-15   1.820511e-04   4.454032e-16   72
  9.995384e-01   3.801996e-15   3.396336e-04   3.932490e-16   84
  1.000805e+00   2.274405e-15   0.000000e+00   3.726342e-16   24
  1.001190e+00   3.465601e-15   1.589457e-08   8.161599e-16   24
  1.003114e+00   2.805406e-15   1.123916e-08   5.847748e-16   24
  1.005800e+00   4.091905e-15   0.000000e+00   8.209639e-16   6
  1.009244e+00   3.692557e-15   1.910001e-04   4.118222e-16   48
  1.010072e+00   2.808662e-15   3.598129e-04   2.949381e-16   72
  1.011152e+00   3.486839e-15   1.906396e-04   4.746648e-16   48
  1.012867e+00   2.770230e-15   0.000000e+00   3.546192e-16   24
  1.015148e+00   3.749914e-15   1.123916e-08   1.008174e-15   6
  1.020262e+00   2.101042e-15   0.000000e+00   4.951944e-16   8
  1.020640e+00   3.729218e-15   1.123916e-08   4.527625e-16   48
  1.021546e+00   3.914575e-15   1.848806e-04   3.756761e-16   60
  1.022904e+00   3.817997e-15   0.000000e+00   9.349459e-16   24
  1.024787e+00   5.739266e-15   0.000000e+00   1.130369e-15   6
  1.031723e+00   2.917030e-15   0.000000e+00   5.819165e-16   24
  1.032283e+00   2.518083e-15   1.867372e-04   4.719345e-16   48
  1.033217e+00   2.967599e-15   0.000000e+00   5.050960e-16   24
  1.034708e+00   8.341272e-16   1.123916e-08   4.077314e-16   6
  1.043181e+00   2.533584e-15   1.742080e-04   3.500581e-16   36
  1.043797e+00   3.422033e-15   0.000000e+00   6.166085e-16   24
  1.044904e+00   2.821334e-15   0.000000e+00   5.938562e-16   6
  1.054545e+00   2.173192e-15   1.583190e-04   4.015674e-16   32
  1.055367e+00   1.016215e-15   1.123916e-08   3.703699e-16   6
  1.065728e+00   3.218172e-15   0.000000e+00   1.601205e-15   12
  1.066089e+00   8.239091e-15   0.000000e+00   1.756299e-15   6
  1.077063e+00   3.871784e-15   1.589457e-08   7.962954e-16   6
